0 1.06885243635e-05
1 1.66583294667e-05
2 7.22627063478e-06
3 5.55877791958e-06
4 -1.14075405267e-06
5 9.58043368881e-06
6 4.11232591379e-06
7 1.85443317055e-06
8 4.75013950724e-06
9 2.49030151045e-06
10 9.92184397192e-07
11 2.68855819934e-07
12 1.15435716182e-07
13 1.05796314964e-06
14 1.29483320019e-06
15 2.91463144322e-07
16 1.74310350606e-08
17 1.61734787945e-07
18 -5.23055434627e-08
19 -8.32849551875e-08
20 1.43861452334e-05
21 1.06118756952e-05
22 1.62717053787e-05
23 7.30066617596e-06
24 1.06343480891e-05
25 5.92979981297e-06
26 6.4536563629e-06
27 5.18158880111e-06
28 4.55472155907e-06
29 5.28761801421e-06
30 2.22190028244e-06
31 -3.2626526497e-07
32 9.38565978743e-07
33 5.36384227386e-07
34 5.27771882512e-07
35 5.62322764984e-07
36 2.89413131867e-07
37 -2.65590205179e-08
38 2.70088722121e-08
39 -2.10178708617e-07
40 2.76824063398e-05
41 2.17849172171e-05
42 1.69978138609e-05
43 1.23737660713e-05
44 1.14897043468e-05
45 7.49161306927e-06
46 9.25908712644e-06
47 4.7137405991e-06
48 1.14949392621e-06
49 3.25726767597e-06
50 3.18038872749e-06
51 8.61032337918e-07
52 2.63247754924e-06
53 1.27485688485e-06
54 8.31725786068e-07
55 3.3780508568e-07
56 2.50595082724e-07
57 3.49938254799e-07
58 5.12738680562e-11
59 -1.40449358591e-08
60 2.09936010817e-05
61 2.60778478001e-05
62 1.01903773033e-05
63 1.70536807514e-05
64 3.11391897467e-06
65 5.06292030048e-06
66 1.04796371436e-05
67 6.90142456194e-06
68 4.78389705117e-06
69 1.9704042566e-06
70 3.2336964948e-06
71 2.61533371569e-06
72 1.98179969423e-06
73 1.37602681097e-06
74 1.61287104427e-06
75 1.14308862321e-06
76 4.17169402199e-07
77 3.88037899426e-09
78 -5.2481769526e-07
79 2.52081587793e-07
80 2.95714786619e-05
81 1.9679271142e-05
82 3.31149525584e-06
83 6.12170963629e-06
84 8.12497485039e-06
85 3.18100396418e-06
86 1.76661015646e-05
87 7.16098206654e-06
88 6.71434414716e-06
89 2.73034112496e-06
90 2.58437308551e-06
91 4.43636663707e-06
92 1.48000193259e-06
93 1.39584477956e-06
94 2.24189886893e-06
95 1.88815696619e-06
96 6.03042695719e-07
97 3.30315539268e-07
98 -1.50814173552e-07
99 3.68579816424e-07
100 4.61754415626e-05
101 3.29570568925e-05
102 1.33369505745e-05
103 1.34127371073e-05
104 8.28891355747e-06
105 8.83432774023e-06
106 7.52422685406e-06
107 4.78656591854e-06
108 6.11915403081e-06
109 3.7776585328e-06
110 5.40922927026e-06
111 4.0466381224e-06
112 2.61128671287e-06
113 2.28953314546e-06
114 2.14814832806e-06
115 1.40829761614e-06
116 9.05440217801e-07
117 9.66810407276e-07
118 3.65229135042e-07
119 6.40824592205e-09
120 3.32874719774e-05
121 1.20077254787e-05
122 2.48804387268e-05
123 2.74233241167e-05
124 1.37476489107e-05
125 1.49097267467e-05
126 9.0115977008e-06
127 7.91621577115e-06
128 6.39551960206e-06
129 6.94344137602e-06
130 1.69607513686e-06
131 5.60048462637e-06
132 2.75813742482e-06
133 3.18830190862e-06
134 1.45171261724e-06
135 1.67839045571e-06
136 9.0545163162e-07
137 1.16908801639e-06
138 1.43514573965e-07
139 3.47956496981e-07
140 6.35842027259e-05
141 3.34041436974e-05
142 4.10726833474e-05
143 2.71232102991e-05
144 2.48029696574e-05
145 2.1779000586e-05
146 1.28869997509e-05
147 1.58322159571e-05
148 6.69944068931e-06
149 9.6115912559e-06
150 6.42031807092e-06
151 5.88328288628e-06
152 5.89019052432e-06
153 3.91560971222e-06
154 3.71838055941e-06
155 1.94932558506e-06
156 1.38013427423e-06
157 9.29540003223e-07
158 3.12992276935e-07
159 -3.88917045282e-07
160 6.07935702232e-05
161 4.4653528906e-05
162 3.99961788749e-05
163 2.87759441601e-05
164 2.5501133246e-05
165 2.63258314602e-05
166 1.87989000005e-05
167 1.36363079522e-05
168 1.32512309821e-05
169 1.24364663456e-05
170 8.58942618089e-06
171 7.91344406878e-06
172 5.38912536099e-06
173 4.44049112143e-06
174 3.40362247615e-06
175 2.20229776788e-06
176 1.45326723791e-06
177 1.91944299899e-06
178 5.17345455526e-08
179 3.90410128242e-07
180 7.06273159879e-05
181 6.09496661879e-05
182 5.65167512163e-05
183 2.89395772299e-05
184 4.07057736043e-05
185 2.74482814059e-05
186 2.48472920783e-05
187 1.75849904381e-05
188 9.45818964366e-06
189 1.89701678459e-05
190 1.83176595407e-05
191 9.91175993273e-06
192 4.86031528573e-06
193 6.36448013483e-06
194 3.52712674573e-06
195 2.53983895532e-06
196 2.09407048149e-06
197 9.75671676964e-07
198 -1.83579412302e-07
199 1.68002161299e-06
200 1.54569881932e-05
201 6.90308052872e-06
202 -4.36517173474e-06
203 -1.87648156528e-06
204 -3.39433870107e-06
205 3.66791807481e-06
206 7.46687004242e-06
207 7.59440545012e-06
208 1.04934860877e-07
209 8.49573907416e-07
210 2.50667791599e-06
211 8.76265237332e-08
212 2.15283747282e-06
213 6.8086185964e-07
214 3.03815523997e-07
215 1.12768320066e-07
216 5.33104360825e-07
217 1.55649612656e-07
218 3.36576813032e-07
219 5.66196353105e-07
220 9.19228963228e-06
221 -4.76536462682e-07
222 1.25277559827e-06
223 2.73784115867e-06
224 -1.96429122266e-06
225 2.72707868775e-06
226 2.0119755096e-06
227 2.55280682316e-06
228 4.83503149163e-06
229 2.36939273047e-06
230 5.77248203375e-07
231 1.48494343059e-06
232 1.41401937158e-06
233 8.94629914555e-07
234 5.19234325019e-07
235 3.67757763535e-07
236 7.4533090511e-07
237 4.96870867649e-07
238 3.47667010096e-07
239 4.50387590001e-07
240 -1.37754710584e-05
241 5.14933383489e-06
242 1.83763820947e-05
243 1.14573879124e-05
244 -3.89040108222e-06
245 3.31719447807e-06
246 4.36291782295e-06
247 4.56182661681e-07
248 6.41274543677e-06
249 1.37642074247e-06
250 1.49384378191e-06
251 1.98355787244e-06
252 1.57438931e-06
253 1.51132040322e-06
254 7.11535580333e-07
255 9.20651581009e-07
256 4.96581849743e-07
257 3.35363016273e-07
258 1.29260671936e-07
259 1.76267080896e-07
260 2.03407853197e-05
261 4.51690150352e-07
262 2.44988507978e-05
263 -6.01498054244e-06
264 4.9797141984e-06
265 -4.1250057811e-06
266 5.39616323908e-07
267 6.41976565947e-06
268 3.0406083859e-06
269 2.91584866646e-06
270 2.33761274047e-06
271 2.47494438523e-06
272 2.34616771815e-06
273 1.75283143786e-06
274 9.11769959525e-07
275 1.60196985664e-06
276 5.80798366643e-07
277 4.48955056037e-07
278 5.39405575821e-07
279 4.43317756361e-07
280 2.26730950361e-05
281 2.16516500246e-05
282 7.3797313338e-06
283 -6.45737608444e-06
284 1.48785401184e-06
285 -2.55395463596e-06
286 2.01208015031e-06
287 1.48434832065e-06
288 2.12791803259e-06
289 4.41967445388e-06
290 6.68007981842e-06
291 5.28915919263e-08
292 -1.48820359473e-07
293 1.08636249281e-06
294 6.84642208684e-07
295 2.43520553648e-07
296 1.10960726414e-06
297 5.6207019065e-07
298 2.95473112884e-07
299 4.77889183007e-07
300 6.85193871661e-06
301 4.82185014871e-06
302 1.36426895325e-05
303 1.68891996745e-06
304 8.59070807281e-06
305 1.02657519934e-05
306 3.94611670679e-06
307 8.17275902751e-06
308 4.88617642482e-06
309 3.95831153149e-06
310 7.81252187424e-07
311 1.47604437606e-06
312 1.69617323449e-06
313 1.83814631363e-06
314 1.20660726619e-06
315 1.17863968623e-06
316 7.94079889796e-07
317 9.5982677977e-07
318 5.49149128346e-07
319 5.73964789021e-07
320 1.27444440998e-05
321 5.22765593893e-06
322 3.95169322346e-06
323 1.24091882384e-05
324 -1.57374523154e-06
325 -2.90727908743e-06
326 1.63040181919e-06
327 1.40014455589e-06
328 6.84547418861e-06
329 3.09799905164e-06
330 5.20334744977e-06
331 2.02426451022e-06
332 7.77027356278e-07
333 8.90175729333e-07
334 3.11088789511e-06
335 5.57694487317e-07
336 9.74793239698e-07
337 4.36318623378e-07
338 9.69702035144e-08
339 1.01753504343e-06
340 -1.27725570251e-05
341 4.86956937433e-06
342 2.17083460655e-05
343 3.94080706268e-06
344 1.25780982342e-05
345 1.05668012032e-05
346 6.15870276229e-06
347 7.9127205564e-06
348 5.20817662621e-06
349 5.72742533023e-06
350 4.80683334214e-06
351 3.71902832657e-06
352 2.09752862525e-06
353 3.91440429232e-06
354 8.70491265865e-07
355 1.07971606354e-06
356 1.32508317977e-06
357 1.05765265943e-06
358 1.2917548762e-06
359 7.45416721742e-07
360 1.06238916857e-05
361 1.52170013297e-05
362 2.24289203231e-05
363 1.15681455315e-05
364 1.2969750364e-05
365 1.1610018836e-05
366 6.44688755096e-06
367 7.52288416305e-06
368 4.62224739151e-06
369 5.3498523309e-06
370 5.03839664905e-06
371 1.77167811071e-06
372 3.76941612342e-06
373 4.76282794816e-06
374 2.61295043409e-06
375 2.7145090919e-06
376 1.9861865496e-06
377 1.94668659763e-06
378 1.45344446874e-06
379 1.28227282812e-06
380 2.70617292012e-05
381 5.88089609073e-05
382 1.90306414416e-05
383 6.83476731522e-06
384 1.12409326273e-05
385 1.66450108345e-05
386 2.13764947134e-05
387 1.43160387005e-05
388 1.04616185069e-05
389 4.06834094746e-06
390 8.5199556419e-06
391 4.09424983922e-07
392 2.95977390129e-06
393 5.13773600056e-06
394 5.09138602786e-06
395 1.96705570322e-06
396 2.01519635119e-06
397 2.43093398661e-06
398 1.84938375181e-06
399 2.24188686301e-06
400 0.00111701554677
401 0.00119740119458
402 0.000763949114698
403 0.000570410769482
404 0.000529940065624
405 0.000520817336651
406 0.000417076797077
407 0.000237488921663
408 0.000193331932453
409 0.000169881797282
410 0.000165491034409
411 0.000111987436595
412 6.32646299394e-05
413 5.99532681008e-05
414 5.54503687697e-05
415 4.23769556871e-05
416 2.98383877768e-05
417 5.11371478712e-05
418 3.53275079002e-05
419 1.15418758954e-05
420 0.00206103040411
421 0.00106990583101
422 0.00141653813755
423 0.00119409877526
424 0.000881910150296
425 0.000742747199298
426 0.0004180992901
427 0.000346907992377
428 0.000359107445903
429 0.000275691541576
430 0.000135393222011
431 0.000204954839206
432 0.000153510546702
433 0.000100016377651
434 0.000112851648643
435 7.7731309644e-05
436 7.98271280944e-05
437 5.35390561255e-05
438 5.01388907259e-05
439 4.67037848223e-05
440 0.00278938018881
441 0.00202498049293
442 0.00189977544712
443 0.00168758461959
444 0.00132825349453
445 0.000952150471014
446 0.000671344337066
447 0.000561232268349
448 0.000495735818358
449 0.000379214449927
450 0.00033344707413
451 0.000261821691761
452 0.000184777903405
453 0.000175856338877
454 0.000188583018966
455 0.00013425583468
456 0.000116696015785
457 0.000107541674035
458 8.9079036052e-05
459 8.31368062664e-05
460 0.00211710501131
461 0.00267493611974
462 0.00205339810741
463 0.00170091503994
464 0.00148320085056
465 0.00112394518007
466 0.000790951692772
467 0.000754920663515
468 0.000554916361312
469 0.000279665132473
470 0.000313904939687
471 0.000324585218448
472 0.000275460044564
473 0.000167753340339
474 0.000192825858513
475 0.000153627892414
476 0.000112589782608
477 0.000114530980242
478 7.8900814683e-05
479 5.57237843716e-05
480 0.000542396745059
481 0.000509315530517
482 0.00053003600523
483 0.000278483704598
484 0.000266320162974
485 0.000152886443664
486 0.000113846771033
487 6.90702775596e-05
488 8.52311231279e-05
489 9.86848557608e-05
490 5.22398747963e-05
491 6.17484424696e-05
492 4.86606664261e-05
493 5.59178538723e-06
494 5.26175805156e-06
495 2.58253403598e-05
496 2.06727106777e-05
497 2.0890406649e-05
498 1.36400002181e-05
499 2.48250150187e-05
500 0.00104585107783
501 0.000890033814249
502 0.000464186782848
503 0.00061295690212
504 0.000422818224835
505 0.000441675107452
506 0.0003029618594
507 0.000178594120721
508 0.000186959158987
509 0.000152303782523
510 0.000138107550946
511 5.12370839456e-05
512 7.49779406215e-05
513 5.27365087189e-05
514 5.31720360141e-05
515 3.807220856e-05
516 2.66430443483e-05
517 2.69750481409e-05
518 3.4979222532e-05
519 3.51375626608e-05
520 0.00200430706432
521 0.00166002511458
522 0.00147990766949
523 0.00106824758581
524 0.000759425483519
525 0.000662036464709
526 0.000464645542549
527 0.000431657300821
528 0.000431607508478
529 0.000286075106136
530 0.000251038718347
531 0.000185014607616
532 0.000174370680603
533 0.000160861432003
534 0.000135042008648
535 0.000114960716055
536 0.000118525135086
537 8.27940904806e-05
538 7.43032893557e-05
539 6.61839355344e-05
540 0.00242412065545
541 0.00207701519403
542 0.00126168860862
543 0.00143642946342
544 0.0011176739445
545 0.000956270468098
546 0.000652958284366
547 0.000576826990524
548 0.000376014802642
549 0.000361691381403
550 0.000209329770991
551 0.000248033965286
552 0.00022572543609
553 0.000160715006294
554 0.000174548299809
555 0.000168768538603
556 0.000130300698623
557 0.000104167759412
558 9.13646639838e-05
559 6.13781728683e-05
560 0.000161968867504
561 0.000210223091272
562 0.000167948361916
563 -5.8768434277e-05
564 -9.53980640347e-06
565 1.24600880827e-05
566 7.38047250414e-05
567 3.10809612207e-05
568 5.61605570006e-05
569 5.01976498743e-05
570 2.91002625815e-05
571 2.52320284491e-05
572 3.09696505443e-05
573 1.95260838707e-05
574 3.62468415064e-05
575 2.80627147236e-05
576 1.76865351581e-05
577 1.37961058691e-05
578 4.824530633e-06
579 7.62258677402e-06
580 0.000276672388928
581 0.000344625417113
582 0.00013198006057
583 0.000170087265853
584 3.0655510077e-05
585 8.14695590017e-05
586 3.79978390982e-05
587 7.57862835006e-05
588 4.37689691224e-05
589 1.6942135923e-05
590 -3.05009949855e-05
591 1.04193651849e-06
592 6.62093217732e-06
593 1.01093525745e-05
594 -3.35269674451e-06
595 4.18403720763e-06
596 6.09181145638e-06
597 -1.36317415455e-05
598 -1.09260571461e-05
599 -1.55792914838e-05
600 0.00113079343967
601 0.00115441890525
602 0.000765303671342
603 0.000496498595121
604 0.000405968369208
605 0.000183468699519
606 0.000198495538546
607 0.000230748780969
608 0.000170715917962
609 0.000136785136987
610 0.000128949410975
611 0.000120200709399
612 0.000108932512327
613 8.42031772276e-05
614 7.94977916301e-05
615 6.09806974471e-05
616 5.78943776352e-05
617 4.37965250634e-05
618 3.29113198181e-05
619 2.19353765466e-05
620 0.00192393171196
621 0.00128204785654
622 0.00148468949377
623 0.000948278894525
624 0.000602429972374
625 0.000455130484924
626 0.000593645465524
627 0.000393266047897
628 0.000291132917964
629 0.000217498274761
630 0.000225757903643
631 0.000137629104218
632 0.000143795464372
633 0.000133955758723
634 0.000108084577663
635 9.24464633417e-05
636 8.42420915619e-05
637 8.43273914986e-05
638 4.76521545172e-05
639 2.4539023671e-05
640 -0.000250511088741
641 2.94159808746e-05
642 8.91760023626e-05
643 -8.49166655622e-05
644 6.36858210763e-05
645 0.000105943962686
646 1.49791373878e-05
647 6.17881954325e-05
648 1.00476179075e-05
649 7.30405982602e-06
650 3.66795334273e-05
651 4.2831046746e-05
652 7.14741524914e-06
653 -1.12515775551e-07
654 1.11347579671e-05
655 -2.89433896907e-06
656 -6.53152169998e-06
657 1.15825333382e-05
658 4.99031125838e-06
659 -3.83079685112e-06
660 0.000279146988402
661 0.00014557611113
662 -0.000235406774266
663 2.22419227913e-05
664 7.86544328596e-05
665 3.78877684112e-05
666 2.66780862016e-05
667 6.38446700772e-05
668 4.09048642804e-06
669 -5.65200984755e-06
670 3.24862615878e-05
671 4.69769716082e-05
672 1.2053035639e-05
673 -2.54266327691e-06
674 -8.0864485773e-07
675 7.24817456235e-06
676 3.58343389045e-05
677 6.44559146514e-06
678 8.93810243609e-06
679 1.14860659265e-05
680 0.000363025722885
681 0.000500645970895
682 0.000242457722631
683 0.000165053587947
684 7.94147025036e-05
685 8.06181359327e-05
686 6.54883196468e-05
687 0.000121327219736
688 0.000106232712282
689 8.16947535533e-05
690 5.79982094276e-05
691 4.64883344119e-05
692 3.74641727865e-05
693 2.27850862316e-05
694 2.13367363981e-05
695 4.80985564997e-05
696 4.72720821497e-05
697 3.17094950321e-05
698 3.10255263379e-05
699 1.73433964609e-05
700 0.00136266253806
701 0.00127987541631
702 0.000805359960948
703 0.00058624223394
704 0.000241062416293
705 0.00029169722519
706 0.000252315877399
707 0.000335604011003
708 0.000252381019505
709 0.000238482927011
710 0.000186014155542
711 0.000143455256773
712 9.99294601153e-05
713 0.000122048576522
714 8.67165630289e-05
715 0.000105288034308
716 7.32100406708e-05
717 5.81700876957e-05
718 5.88186758392e-05
719 3.15402076492e-05
720 0.000212819659608
721 -0.000442652145393
722 -0.00016765131456
723 -0.000110535435104
724 -2.60034082778e-05
725 -9.25566005387e-06
726 -0.000165441608762
727 -3.3003224886e-05
728 -1.57703514747e-05
729 -5.11820280528e-05
730 7.25563678989e-05
731 2.91571458946e-05
732 4.54863714146e-05
733 3.10466184984e-06
734 1.44749260573e-05
735 1.24136387566e-05
736 1.6581704062e-05
737 1.39347941234e-05
738 8.64010114946e-06
739 -8.5068029551e-07
740 -0.00022161125266
741 -0.000264914163962
742 -0.000235499487815
743 -0.000101933356056
744 -6.07912342482e-05
745 1.91167790367e-05
746 -5.16509484957e-05
747 6.65739942258e-06
748 9.16097903214e-06
749 -1.36924152186e-05
750 -2.39820144445e-05
751 6.61759682509e-05
752 1.57189355835e-06
753 -3.8056185303e-05
754 -2.19455473196e-05
755 2.11065448532e-06
756 -3.38036572329e-06
757 -4.77053802252e-06
758 -1.11222164799e-06
759 -2.83860210589e-06
760 0.000252411219712
761 6.35090699716e-05
762 9.67353123234e-05
763 -0.000209249034144
764 -0.000189872237657
765 0.000114837549925
766 -2.94335159503e-05
767 6.61831418181e-05
768 5.01589307444e-05
769 -1.32093052835e-05
770 6.73005864479e-05
771 6.63368688078e-05
772 1.55586189611e-05
773 -5.81904579199e-07
774 4.82263168516e-07
775 2.60671677085e-05
776 8.66790876854e-07
777 -1.37510797838e-07
778 1.16659117633e-05
779 1.06136246697e-05
780 1.14372950875e-05
781 0.000598499307672
782 0.00109039371785
783 0.000513846678915
784 0.000504469901094
785 0.000234711108668
786 0.000153245457616
787 0.000128682218186
788 0.000101272741379
789 2.14101353027e-05
790 0.000110438907786
791 4.87399882357e-05
792 9.71585983863e-05
793 6.42793686543e-05
794 6.00059734606e-05
795 3.11217710259e-05
796 2.57139513624e-05
797 -1.31991634861e-06
798 1.81542821587e-05
799 -3.36995191838e-06
800 0.575183524229
801 0.421863521945
802 0.324344017104
803 0.252745587694
804 0.198435753311
805 0.169554559004
806 0.135211807147
807 0.108796387443
808 0.0897136926718
809 0.0717938882439
810 0.0558050577435
811 0.0452328450015
812 0.0418973407331
813 0.0320039924851
814 0.0222142823276
815 0.0198142739533
816 0.0165971849785
817 0.012038641895
818 0.00773682452932
819 0.0061012463526
820 0.356986489089
821 0.288611382325
822 0.226981262073
823 0.17651083002
824 0.149427874694
825 0.124320525046
826 0.103413224222
827 0.0869506787211
828 0.0721714960627
829 0.0606199067565
830 0.0497670634382
831 0.0416508301896
832 0.0336083971734
833 0.0260101708015
834 0.018596791757
835 0.0135206250663
836 0.0101328177901
837 0.00693707096557
838 0.0037054681541
839 0.00113510457174
840 0.221421060126
841 0.18975159807
842 0.161947637479
843 0.131116142559
844 0.108066387528
845 0.0899261872865
846 0.0775498124775
847 0.0640440984399
848 0.0536839784102
849 0.0442552343025
850 0.0360242861792
851 0.0285995485083
852 0.0205224048229
853 0.0152401297545
854 0.0114805133383
855 0.00802514166723
856 0.00437039839572
857 0.00177649338251
858 0.00210092599755
859 0.00168087752623
860 0.262639841907
861 0.20584438235
862 0.175655668291
863 0.15454015308
864 0.121318904299
865 0.105576675598
866 0.0828232466456
867 0.0683450907634
868 0.0576809551632
869 0.045322776051
870 0.0369207735647
871 0.0282136704139
872 0.0203630330171
873 0.014618628068
874 0.0105435671549
875 0.00746764505634
876 0.0048628945558
877 0.00315426176809
878 0.00053907205529
879 -0.000834772186139
880 0.19814235195
881 0.209486285442
882 0.181926482355
883 0.140489519175
884 0.0995756365334
885 0.102915684856
886 0.0795388440669
887 0.0645480652523
888 0.0546655884103
889 0.0390537613689
890 0.0319499501541
891 0.0211390700834
892 0.0169111629666
893 0.0135900450664
894 0.00622766812242
895 0.00274600537562
896 -0.00137705970772
897 0.000204697866037
898 0.00156088123437
899 -0.000835498182542
