0.0050 2.198962e-04 0.000000e+00 0.000000e+00 0.000000e+00 0.000000e+00
0.0150 4.321566e-04 0.000000e+00 0.000000e+00 0.000000e+00 0.000000e+00
0.0250 6.688551e-04 0.000000e+00 0.000000e+00 0.000000e+00 0.000000e+00
0.0350 5.971836e-04 0.000000e+00 0.000000e+00 0.000000e+00 0.000000e+00
0.0450 1.076376e-03 0.000000e+00 0.000000e+00 0.000000e+00 0.000000e+00
0.0550 1.591678e-03 0.000000e+00 0.000000e+00 0.000000e+00 0.000000e+00
0.0650 1.655607e-03 0.000000e+00 0.000000e+00 0.000000e+00 0.000000e+00
0.0750 3.602866e-03 0.000000e+00 0.000000e+00 0.000000e+00 0.000000e+00
0.0850 2.578652e-03 0.000000e+00 0.000000e+00 0.000000e+00 0.000000e+00
0.0950 2.691110e-03 0.000000e+00 0.000000e+00 0.000000e+00 0.000000e+00
0.1050 4.438070e-03 0.000000e+00 0.000000e+00 0.000000e+00 0.000000e+00
0.1150 7.035524e-03 4.917736e-05 0.000000e+00 0.000000e+00 0.000000e+00
0.1250 1.232493e-02 1.188580e-04 0.000000e+00 0.000000e+00 0.000000e+00
0.1350 1.109422e-01 9.326701e-05 0.000000e+00 0.000000e+00 0.000000e+00
0.1450 1.068904e+00 3.956560e-05 0.000000e+00 0.000000e+00 0.000000e+00
0.1550 2.190965e+00 4.192260e-05 0.000000e+00 0.000000e+00 0.000000e+00
0.1650 2.750008e+00 4.211729e-05 5.810790e-05 0.000000e+00 0.000000e+00
0.1750 2.770537e+00 1.342762e-04 5.529925e-05 0.000000e+00 0.000000e+00
0.1850 2.789179e+00 2.543054e-04 2.607731e-05 5.337748e-05 0.000000e+00
0.1950 3.193484e+00 2.997347e-04 2.943110e-05 5.085297e-05 0.000000e+00
0.2050 3.707153e+00 2.538342e-04 1.489993e-04 0.000000e+00 0.000000e+00
0.2150 4.174599e+00 4.081188e-04 1.104507e-04 0.000000e+00 0.000000e+00
0.2250 4.442789e+00 5.180685e-04 1.642048e-04 0.000000e+00 0.000000e+00
0.2350 4.589854e+00 1.929386e-03 1.401857e-04 5.777193e-05 0.000000e+00
0.2450 4.669530e+00 4.480622e-03 2.011074e-04 0.000000e+00 0.000000e+00
0.2550 5.014719e+00 6.179519e-03 1.724655e-04 0.000000e+00 0.000000e+00
0.2650 5.628833e+00 6.245209e-03 2.526156e-04 0.000000e+00 0.000000e+00
0.2750 6.313880e+00 4.784096e-03 2.862336e-04 0.000000e+00 0.000000e+00
0.2850 6.915861e+00 6.354848e-03 3.356671e-04 0.000000e+00 6.388368e-05
0.2950 7.134285e+00 1.401484e-02 4.544157e-04 0.000000e+00 6.798184e-05
0.3050 6.922133e+00 6.438720e-02 4.477508e-04 6.057439e-05 0.000000e+00
0.3150 6.332114e+00 2.528964e-01 6.638180e-04 5.912484e-05 6.934797e-05
0.3250 5.557939e+00 7.660603e-01 6.222529e-04 0.000000e+00 0.000000e+00
0.3350 4.436904e+00 1.732776e+00 6.662855e-04 0.000000e+00 6.522024e-05
0.3450 3.210076e+00 2.878293e+00 7.403874e-04 0.000000e+00 0.000000e+00
0.3550 2.158461e+00 3.876259e+00 8.303412e-04 0.000000e+00 5.887163e-05
0.3650 1.416078e+00 4.597690e+00 1.076040e-03 5.763850e-05 0.000000e+00
0.3750 9.182193e-01 4.998349e+00 1.842761e-03 0.000000e+00 6.052519e-05
0.3850 6.037150e-01 5.309067e+00 1.562524e-03 5.252554e-05 0.000000e+00
0.3950 3.899631e-01 5.565558e+00 2.235366e-03 0.000000e+00 1.248229e-04
0.4050 2.494785e-01 5.855708e+00 2.955591e-03 5.196327e-05 6.641568e-05
0.4150 1.588601e-01 6.234686e+00 3.140369e-03 5.988236e-05 2.463269e-04
0.4250 8.031588e-02 6.595617e+00 5.678456e-03 0.000000e+00 5.415983e-05
0.4350 3.617713e-02 7.023721e+00 8.059245e-03 0.000000e+00 6.335987e-05
0.4450 1.212624e-02 7.364720e+00 1.990981e-02 0.000000e+00 1.259988e-04
0.4550 4.110067e-03 7.703833e+00 6.245461e-02 1.050722e-04 2.676869e-04
0.4650 1.503625e-03 7.858131e+00 1.941589e-01 1.126379e-04 3.207381e-04
0.4750 8.988548e-04 7.496983e+00 5.870903e-01 2.738295e-04 1.211061e-04
0.4850 8.917399e-04 6.281394e+00 1.518816e+00 3.249653e-04 3.730395e-04
0.4950 6.735482e-04 4.176341e+00 2.935295e+00 9.538544e-04 4.350179e-04
0.5050 4.506132e-04 2.122933e+00 4.401133e+00 1.974085e-03 5.978958e-04
0.5150 8.798816e-04 8.242415e-01 5.408160e+00 1.745976e-03 6.862982e-04
0.5250 4.624715e-04 2.663564e-01 5.971078e+00 2.842365e-03 9.573234e-04
0.5350 3.106860e-04 7.280728e-02 6.237405e+00 4.640751e-03 9.406549e-04
0.5450 1.541572e-04 2.029767e-02 6.436797e+00 5.413210e-03 1.512768e-03
0.5550 4.482416e-04 4.728887e-03 6.554854e+00 5.047200e-03 1.885539e-03
0.5650 4.648431e-04 2.091042e-03 6.656172e+00 7.703436e-03 2.498871e-03
0.5750 3.035710e-04 8.215789e-04 6.702802e+00 2.317363e-02 4.145191e-03
0.5850 7.826440e-05 1.099102e-03 6.619799e+00 7.787951e-02 3.826438e-03
0.5950 3.676055e-04 5.385601e-04 6.465588e+00 2.092772e-01 5.069475e-03
0.6050 0.000000e+00 4.368931e-04 6.082892e+00 5.280768e-01 7.839467e-03
0.6150 1.541572e-04 3.956768e-04 5.590723e+00 1.022417e+00 1.108195e-02
0.6250 1.494139e-04 6.814434e-04 4.913794e+00 1.692139e+00 1.170426e-02
0.6350 1.470422e-04 3.407217e-04 4.137454e+00 2.481846e+00 1.427473e-02
0.6450 0.000000e+00 4.204066e-04 3.397082e+00 3.319957e+00 2.157549e-02
0.6550 0.000000e+00 1.731086e-04 2.678448e+00 4.140524e+00 3.011614e-02
0.6650 0.000000e+00 3.462172e-04 2.040093e+00 4.844551e+00 3.974590e-02
0.6750 0.000000e+00 2.445503e-04 1.488152e+00 5.379632e+00 5.155338e-02
0.6850 0.000000e+00 1.703609e-04 1.037779e+00 5.826470e+00 7.074590e-02
0.6950 8.300770e-05 1.758564e-04 7.030684e-01 6.112656e+00 1.034425e-01
0.7050 8.537935e-05 4.121633e-05 4.536116e-01 6.412996e+00 1.515860e-01
0.7150 7.589275e-05 2.637845e-04 2.784086e-01 6.552223e+00 2.375365e-01
0.7250 0.000000e+00 9.067594e-05 1.620944e-01 6.637939e+00 3.798763e-01
0.7350 0.000000e+00 1.346400e-04 9.693986e-02 6.593832e+00 5.795722e-01
0.7450 7.352111e-05 1.731086e-04 5.080002e-02 6.482164e+00 8.958656e-01
0.7550 1.541572e-04 1.291445e-04 2.909202e-02 6.303362e+00 1.319180e+00
0.7650 0.000000e+00 1.291445e-04 1.639696e-02 5.934309e+00 1.880992e+00
0.7750 0.000000e+00 1.236490e-04 9.901105e-03 5.356677e+00 2.647324e+00
0.7850 0.000000e+00 9.067594e-05 6.109307e-03 4.580972e+00 3.638706e+00
0.7950 0.000000e+00 0.000000e+00 4.552315e-03 3.623943e+00 4.872990e+00
0.8050 0.000000e+00 1.318923e-04 2.729231e-03 2.504826e+00 6.185779e+00
0.8150 0.000000e+00 0.000000e+00 2.143112e-03 1.553215e+00 7.327029e+00
0.8250 8.063605e-05 4.396409e-05 1.562386e-03 8.503091e-01 8.062176e+00
0.8350 0.000000e+00 3.846858e-05 1.366414e-03 4.369826e-01 8.428838e+00
0.8450 0.000000e+00 4.121633e-05 1.244156e-03 2.294937e-01 8.444479e+00
0.8550 0.000000e+00 0.000000e+00 1.093131e-03 1.205036e-01 8.274295e+00
0.8650 0.000000e+00 0.000000e+00 1.170441e-03 6.069701e-02 7.895470e+00
0.8750 0.000000e+00 0.000000e+00 7.389421e-04 3.284119e-02 7.195288e+00
0.8850 0.000000e+00 0.000000e+00 7.047818e-04 1.766471e-02 6.239401e+00
0.8950 0.000000e+00 0.000000e+00 4.620636e-04 9.737897e-03 4.978700e+00
0.9050 0.000000e+00 1.621176e-04 4.998197e-04 4.695660e-03 3.567193e+00
0.9150 0.000000e+00 0.000000e+00 2.804744e-04 3.142289e-03 2.301458e+00
0.9250 0.000000e+00 0.000000e+00 3.811575e-04 2.178985e-03 1.369214e+00
0.9350 0.000000e+00 8.792818e-05 2.696869e-04 8.548875e-04 7.760846e-01
0.9450 0.000000e+00 4.121633e-05 2.571015e-04 9.064295e-04 5.066816e-01
0.9550 0.000000e+00 0.000000e+00 3.991366e-04 8.815471e-04 3.455664e-01
0.9650 0.000000e+00 0.000000e+00 1.474288e-04 3.661264e-04 2.464752e-01
0.9750 0.000000e+00 4.396409e-05 2.265370e-04 3.767903e-04 1.908649e-01
0.9850 0.000000e+00 4.396409e-05 2.445161e-04 1.066388e-04 1.568096e-01
0.9950 0.000000e+00 4.121633e-05 1.672059e-04 3.803449e-04 1.149763e-01
1.0050 0.000000e+00 0.000000e+00 3.110389e-04 5.331938e-05 8.006704e-02
1.0150 0.000000e+00 0.000000e+00 3.595825e-04 1.030841e-04 6.236348e-02
1.0250 0.000000e+00 0.000000e+00 5.573529e-05 2.079456e-04 4.993202e-02
1.0350 0.000000e+00 0.000000e+00 2.283349e-04 1.599582e-04 3.678193e-02
1.0450 0.000000e+00 0.000000e+00 1.438330e-04 0.000000e+00 3.291793e-02
1.0550 0.000000e+00 0.000000e+00 1.420351e-04 1.635128e-04 2.704591e-02
1.0650 0.000000e+00 0.000000e+00 1.114706e-04 1.546262e-04 2.157590e-02
1.0750 0.000000e+00 4.945960e-05 5.393738e-05 0.000000e+00 1.779731e-02
1.0850 0.000000e+00 0.000000e+00 1.168643e-04 0.000000e+00 1.759942e-02
1.0950 0.000000e+00 0.000000e+00 2.517078e-05 1.030841e-04 1.121705e-02
1.1050 0.000000e+00 0.000000e+00 1.186622e-04 1.226346e-04 8.523710e-03
1.1150 0.000000e+00 0.000000e+00 8.629981e-05 6.220595e-05 6.028254e-03
1.1250 0.000000e+00 0.000000e+00 1.096727e-04 5.331938e-05 5.147137e-03
1.1350 0.000000e+00 0.000000e+00 2.517078e-05 0.000000e+00 4.653462e-03
1.1450 0.000000e+00 0.000000e+00 5.034155e-05 0.000000e+00 4.361840e-03
1.1550 0.000000e+00 4.121633e-05 0.000000e+00 0.000000e+00 4.843017e-03
1.1650 0.000000e+00 4.396409e-05 2.696869e-05 0.000000e+00 4.984662e-03
1.1750 0.000000e+00 0.000000e+00 0.000000e+00 0.000000e+00 5.134639e-03
1.1850 0.000000e+00 0.000000e+00 8.629981e-05 0.000000e+00 1.833056e-03
1.1950 0.000000e+00 0.000000e+00 0.000000e+00 0.000000e+00 0.000000e+00
1.2050 0.000000e+00 0.000000e+00 0.000000e+00 0.000000e+00 0.000000e+00
1.2150 0.000000e+00 0.000000e+00 0.000000e+00 0.000000e+00 0.000000e+00
1.2250 0.000000e+00 0.000000e+00 0.000000e+00 0.000000e+00 0.000000e+00
1.2350 0.000000e+00 0.000000e+00 0.000000e+00 0.000000e+00 0.000000e+00
1.2450 0.000000e+00 0.000000e+00 0.000000e+00 0.000000e+00 0.000000e+00
1.2550 0.000000e+00 0.000000e+00 0.000000e+00 0.000000e+00 0.000000e+00
1.2650 0.000000e+00 0.000000e+00 0.000000e+00 0.000000e+00 0.000000e+00
1.2750 0.000000e+00 0.000000e+00 0.000000e+00 0.000000e+00 0.000000e+00
1.2850 0.000000e+00 0.000000e+00 0.000000e+00 0.000000e+00 0.000000e+00
1.2950 0.000000e+00 0.000000e+00 0.000000e+00 0.000000e+00 0.000000e+00
1.3050 0.000000e+00 0.000000e+00 0.000000e+00 0.000000e+00 0.000000e+00
1.3150 0.000000e+00 0.000000e+00 0.000000e+00 0.000000e+00 0.000000e+00
1.3250 0.000000e+00 0.000000e+00 0.000000e+00 0.000000e+00 0.000000e+00
1.3350 0.000000e+00 0.000000e+00 0.000000e+00 0.000000e+00 0.000000e+00
1.3450 0.000000e+00 0.000000e+00 0.000000e+00 0.000000e+00 0.000000e+00
1.3550 0.000000e+00 0.000000e+00 0.000000e+00 0.000000e+00 0.000000e+00
1.3650 0.000000e+00 0.000000e+00 0.000000e+00 0.000000e+00 0.000000e+00
1.3750 0.000000e+00 0.000000e+00 0.000000e+00 0.000000e+00 0.000000e+00
1.3850 0.000000e+00 0.000000e+00 0.000000e+00 0.000000e+00 0.000000e+00
1.3950 0.000000e+00 0.000000e+00 0.000000e+00 0.000000e+00 0.000000e+00
1.4050 0.000000e+00 0.000000e+00 0.000000e+00 0.000000e+00 0.000000e+00
1.4150 0.000000e+00 0.000000e+00 0.000000e+00 0.000000e+00 0.000000e+00
1.4250 0.000000e+00 0.000000e+00 0.000000e+00 0.000000e+00 0.000000e+00
1.4350 0.000000e+00 0.000000e+00 0.000000e+00 0.000000e+00 0.000000e+00
1.4450 0.000000e+00 0.000000e+00 0.000000e+00 0.000000e+00 0.000000e+00
1.4550 0.000000e+00 0.000000e+00 0.000000e+00 0.000000e+00 0.000000e+00
1.4650 0.000000e+00 0.000000e+00 0.000000e+00 0.000000e+00 0.000000e+00
1.4750 0.000000e+00 0.000000e+00 0.000000e+00 0.000000e+00 0.000000e+00
1.4850 0.000000e+00 0.000000e+00 0.000000e+00 0.000000e+00 0.000000e+00
