0.0000000000e+00    0.0000000000e+00    0.0000000000e+00    0.0000000000e+00    0.0000000000e+00    0.0000000000e+00    
7.5000000000e-03    3.0280732673e-04    0.0000000000e+00    0.0000000000e+00    0.0000000000e+00    0.0000000000e+00    
1.5000000000e-02    4.0374310230e-04    0.0000000000e+00    0.0000000000e+00    0.0000000000e+00    0.0000000000e+00    
2.2500000000e-02    8.0748620460e-04    0.0000000000e+00    0.0000000000e+00    0.0000000000e+00    0.0000000000e+00    
3.0000000000e-02    6.0561465345e-04    0.0000000000e+00    0.0000000000e+00    0.0000000000e+00    0.0000000000e+00    
3.7500000000e-02    5.0467887788e-04    0.0000000000e+00    0.0000000000e+00    0.0000000000e+00    0.0000000000e+00    
4.5000000000e-02    1.1102935313e-03    0.0000000000e+00    0.0000000000e+00    0.0000000000e+00    0.0000000000e+00    
5.2500000000e-02    1.7159081848e-03    0.0000000000e+00    0.0000000000e+00    0.0000000000e+00    0.0000000000e+00    
6.0000000000e-02    1.0093577558e-03    0.0000000000e+00    0.0000000000e+00    0.0000000000e+00    0.0000000000e+00    
6.7500000000e-02    1.9177797359e-03    0.0000000000e+00    0.0000000000e+00    0.0000000000e+00    0.0000000000e+00    
7.5000000000e-02    3.5327521451e-03    0.0000000000e+00    0.0000000000e+00    0.0000000000e+00    0.0000000000e+00    
8.2500000000e-02    3.0280732673e-03    0.0000000000e+00    0.0000000000e+00    0.0000000000e+00    0.0000000000e+00    
9.0000000000e-02    2.6243301650e-03    0.0000000000e+00    0.0000000000e+00    0.0000000000e+00    0.0000000000e+00    
9.7500000000e-02    2.7252659405e-03    0.0000000000e+00    0.0000000000e+00    0.0000000000e+00    0.0000000000e+00    
1.0500000000e-01    4.0374310230e-03    0.0000000000e+00    0.0000000000e+00    0.0000000000e+00    0.0000000000e+00    
1.1250000000e-01    5.7533392078e-03    5.8320838094e-05    0.0000000000e+00    0.0000000000e+00    0.0000000000e+00    
1.2000000000e-01    7.3683116170e-03    0.0000000000e+00    0.0000000000e+00    0.0000000000e+00    0.0000000000e+00    
1.2750000000e-01    1.4534751683e-02    1.7496251428e-04    0.0000000000e+00    0.0000000000e+00    0.0000000000e+00    
1.3500000000e-01    5.9753979141e-02    1.1664167619e-04    0.0000000000e+00    0.0000000000e+00    0.0000000000e+00    
1.4250000000e-01    5.5968887557e-01    5.8320838094e-05    0.0000000000e+00    0.0000000000e+00    0.0000000000e+00    
1.5000000000e-01    1.5517866137e+00    0.0000000000e+00    0.0000000000e+00    0.0000000000e+00    0.0000000000e+00    
1.5750000000e-01    2.3119339396e+00    5.8320838094e-05    0.0000000000e+00    0.0000000000e+00    0.0000000000e+00    
1.6500000000e-01    2.7134564548e+00    5.8320838094e-05    3.8199533736e-05    0.0000000000e+00    0.0000000000e+00    
1.7250000000e-01    2.8180259183e+00    1.1664167619e-04    7.6399067473e-05    0.0000000000e+00    0.0000000000e+00    
1.8000000000e-01    2.7338454815e+00    5.8320838094e-05    3.8199533736e-05    7.5363288733e-05    0.0000000000e+00    
1.8750000000e-01    2.8202465054e+00    3.4992502856e-04    3.8199533736e-05    0.0000000000e+00    0.0000000000e+00    
1.9500000000e-01    3.1168967498e+00    2.9160419047e-04    3.8199533736e-05    7.5363288733e-05    0.0000000000e+00    
2.0250000000e-01    3.5304306223e+00    2.3328335238e-04    3.8199533736e-05    0.0000000000e+00    0.0000000000e+00    
2.1000000000e-01    3.8945059648e+00    4.0824586666e-04    1.9099766868e-04    0.0000000000e+00    0.0000000000e+00    
2.1750000000e-01    4.2119489790e+00    3.4992502856e-04    1.1459860121e-04    0.0000000000e+00    0.0000000000e+00    
2.2500000000e-01    4.4047363103e+00    6.4152921903e-04    1.5279813495e-04    0.0000000000e+00    0.0000000000e+00    
2.3250000000e-01    4.5831907616e+00    9.9145424759e-04    1.1459860121e-04    7.5363288733e-05    0.0000000000e+00    
2.4000000000e-01    4.5785477159e+00    2.7994002285e-03    2.2919720242e-04    0.0000000000e+00    0.0000000000e+00    
2.4750000000e-01    4.7110763892e+00    4.9572712380e-03    1.9099766868e-04    0.0000000000e+00    0.0000000000e+00    
2.5500000000e-01    4.9564512596e+00    5.9487254856e-03    1.1459860121e-04    0.0000000000e+00    0.0000000000e+00    
2.6250000000e-01    5.3503026559e+00    6.5319338665e-03    3.0559626989e-04    0.0000000000e+00    0.0000000000e+00    
2.7000000000e-01    5.9034307061e+00    5.0739129142e-03    1.9099766868e-04    0.0000000000e+00    0.0000000000e+00    
2.7750000000e-01    6.4003375292e+00    5.3655171046e-03    3.4379580363e-04    0.0000000000e+00    0.0000000000e+00    
2.8500000000e-01    6.8774609404e+00    6.9401797332e-03    3.8199533736e-04    0.0000000000e+00    8.8340237123e-05    
2.9250000000e-01    7.0873064178e+00    7.5817089522e-03    2.6739673616e-04    0.0000000000e+00    8.8340237123e-05    
3.0000000000e-01    7.1373705625e+00    2.3503297752e-02    5.3479347231e-04    0.0000000000e+00    0.0000000000e+00    
3.0750000000e-01    6.8517223176e+00    7.6458618741e-02    4.9659393857e-04    7.5363288733e-05    0.0000000000e+00    
3.1500000000e-01    6.4213321706e+00    2.1147135893e-01    6.4939207352e-04    7.5363288733e-05    8.8340237123e-05    
3.2250000000e-01    5.8919240277e+00    5.1818064646e-01    7.6399067473e-04    0.0000000000e+00    0.0000000000e+00    
3.3000000000e-01    5.1678107737e+00    1.0752612919e+00    5.7299300605e-04    0.0000000000e+00    0.0000000000e+00    
3.3750000000e-01    4.2973406451e+00    1.8783975533e+00    6.8759160726e-04    0.0000000000e+00    8.8340237123e-05    
3.4500000000e-01    3.3549033086e+00    2.7343724940e+00    7.6399067473e-04    0.0000000000e+00    0.0000000000e+00    
3.5250000000e-01    2.5356076182e+00    3.5397832681e+00    6.4939207352e-04    0.0000000000e+00    0.0000000000e+00    
3.6000000000e-01    1.8246160151e+00    4.1992753053e+00    1.1459860121e-03    7.5363288733e-05    8.8340237123e-05    
3.6750000000e-01    1.3406289712e+00    4.6713824896e+00    1.0313874109e-03    0.0000000000e+00    0.0000000000e+00    
3.7500000000e-01    9.6141326236e-01    4.9717931267e+00    1.6807794844e-03    0.0000000000e+00    8.8340237123e-05    
3.8250000000e-01    7.0927569497e-01    5.1865304525e+00    1.8717771531e-03    0.0000000000e+00    0.0000000000e+00    
3.9000000000e-01    5.0841350157e-01    5.4214467884e+00    2.1391738892e-03    7.5363288733e-05    8.8340237123e-05    
3.9750000000e-01    3.7003055326e-01    5.6046325408e+00    1.9863757543e-03    0.0000000000e+00    8.8340237123e-05    
4.0500000000e-01    2.5950587900e-01    5.8123713661e+00    3.2469603676e-03    0.0000000000e+00    8.8340237123e-05    
4.1250000000e-01    1.9298920290e-01    6.0986683603e+00    2.5975682941e-03    1.5072657747e-04    1.7668047425e-04    
4.2000000000e-01    1.2738094878e-01    6.3578461648e+00    4.4311459134e-03    0.0000000000e+00    1.7668047425e-04    
4.2750000000e-01    7.1563464883e-02    6.6503834887e+00    5.6153314593e-03    0.0000000000e+00    8.8340237123e-05    
4.3500000000e-01    4.0677117557e-02    6.9651993727e+00    7.3725100111e-03    0.0000000000e+00    8.8340237123e-05    
4.4250000000e-01    1.7764696501e-02    7.2345833239e+00    1.4324825151e-02    0.0000000000e+00    8.8340237123e-05    
4.5000000000e-01    7.8729904949e-03    7.5211136014e+00    3.0101232584e-02    0.0000000000e+00    2.6502071137e-04    
4.5750000000e-01    3.9364952474e-03    7.7213290386e+00    7.1662325290e-02    1.5072657747e-04    1.7668047425e-04    
4.6500000000e-01    1.6149724092e-03    7.8720300842e+00    1.6548038015e-01    7.5363288733e-05    2.6502071137e-04    
4.7250000000e-01    1.2112293069e-03    7.7037744663e+00    3.9502137837e-01    2.2608986620e-04    2.6502071137e-04    
4.8000000000e-01    7.0655042903e-04    7.1503680336e+00    8.5295738880e-01    2.2608986620e-04    2.6502071137e-04    
4.8750000000e-01    1.0093577558e-03    6.0637924991e+00    1.6725665847e+00    4.5217973240e-04    3.5336094849e-04    
4.9500000000e-01    7.0655042903e-04    4.4669096313e+00    2.7495642388e+00    8.2899617607e-04    4.4170118561e-04    
5.0250000000e-01    6.0561465345e-04    2.8034243663e+00    3.8966198379e+00    1.2811759085e-03    4.4170118561e-04    
5.1000000000e-01    5.0467887788e-04    1.5277143539e+00    4.8412561076e+00    2.0348087958e-03    7.0672189698e-04    
5.1750000000e-01    8.0748620460e-04    7.1244735815e-01    5.4924435592e+00    2.1855353733e-03    7.9506213411e-04    
5.2500000000e-01    6.0561465345e-04    3.0746745843e-01    5.9301338168e+00    2.7130783944e-03    9.7174260835e-04    
5.3250000000e-01    1.0093577558e-04    1.2043253066e-01    6.1409952430e+00    4.5971606127e-03    1.2367633197e-03    
5.4000000000e-01    3.0280732673e-04    4.4090553599e-02    6.3265685779e+00    3.9188910141e-03    6.1838165986e-04    
5.4750000000e-01    2.0187155115e-04    1.7729534781e-02    6.4488834849e+00    6.0290630987e-03    1.9434852167e-03    
5.5500000000e-01    4.0374310230e-04    5.6571212951e-03    6.5350234335e+00    4.4464340353e-03    1.3251035568e-03    
5.6250000000e-01    3.0280732673e-04    2.6827585523e-03    6.6526015983e+00    6.4812428311e-03    2.3851864023e-03    
5.7000000000e-01    6.0561465345e-04    1.6329834666e-03    6.6476738585e+00    1.0174043979e-02    3.0035680622e-03    
5.7750000000e-01    3.0280732673e-04    5.8320838094e-04    6.7048967600e+00    2.7809053543e-02    4.9470532789e-03    
5.8500000000e-01    1.0093577558e-04    1.1664167619e-03    6.6109259070e+00    6.6922600395e-02    3.4452692478e-03    
5.9250000000e-01    3.0280732673e-04    5.8320838094e-04    6.5667290465e+00    1.4628014343e-01    5.0353935160e-03    
6.0000000000e-01    2.0187155115e-04    6.9985005713e-04    6.3301211345e+00    3.0650249528e-01    5.2120739902e-03    
6.0750000000e-01    0.0000000000e+00    2.9160419047e-04    6.0254034539e+00    5.8052341311e-01    9.4524053721e-03    
6.1500000000e-01    2.0187155115e-04    4.0824586666e-04    5.6628134797e+00    9.4867307858e-01    1.0777508929e-02    
6.2250000000e-01    1.0093577558e-04    6.4152921903e-04    5.1554090731e+00    1.4273806886e+00    1.2367633197e-02    
6.3000000000e-01    1.0093577558e-04    4.6656670475e-04    4.6462092884e+00    1.9947908895e+00    1.3604396517e-02    
6.3750000000e-01    2.0187155115e-04    4.0824586666e-04    4.0370031243e+00    2.5832274479e+00    1.5812902445e-02    
6.4500000000e-01    0.0000000000e+00    5.2488754284e-04    3.4945697453e+00    3.2030151345e+00    2.1289997147e-02    
6.5250000000e-01    0.0000000000e+00    1.1664167619e-04    2.9294840427e+00    3.8748788535e+00    2.9859000148e-02    
6.6000000000e-01    0.0000000000e+00    2.9160419047e-04    2.4322025125e+00    4.4292512054e+00    3.4452692478e-02    
6.6750000000e-01    0.0000000000e+00    3.4992502856e-04    1.9733879128e+00    4.9012514828e+00    4.2491654056e-02    
6.7500000000e-01    0.0000000000e+00    2.9160419047e-04    1.5568601970e+00    5.3405440928e+00    5.1944059428e-02    
6.8250000000e-01    0.0000000000e+00    2.9160419047e-04    1.1991597631e+00    5.6648323242e+00    6.4311692625e-02    
6.9000000000e-01    0.0000000000e+00    1.1664167619e-04    9.0242578499e-01    5.9224994084e+00    8.8693598071e-02    
6.9750000000e-01    1.0093577558e-04    1.1664167619e-04    6.7322858257e-01    6.1586125920e+00    1.0954189403e-01    
7.0500000000e-01    1.0093577558e-04    0.0000000000e+00    4.8276570736e-01    6.3927663301e+00    1.5088512501e-01    
7.1250000000e-01    0.0000000000e+00    2.3328335238e-04    3.4696636493e-01    6.5056605366e+00    2.0415428799e-01    
7.2000000000e-01    1.0093577558e-04    2.3328335238e-04    2.2484245557e-01    6.6098126016e+00    2.9532141270e-01    
7.2750000000e-01    0.0000000000e+00    5.8320838094e-05    1.5432611630e-01    6.6170474774e+00    4.0618841029e-01    
7.3500000000e-01    0.0000000000e+00    1.7496251428e-04    1.0443752524e-01    6.6146358521e+00    5.5451166842e-01    
7.4250000000e-01    0.0000000000e+00    1.1664167619e-04    6.7880571450e-02    6.5183969324e+00    7.7112192985e-01    
7.5000000000e-01    1.0093577558e-04    1.1664167619e-04    4.2134085711e-02    6.4159782230e+00    1.0624680319e+00    
7.5750000000e-01    2.0187155115e-04    1.7496251428e-04    2.7771061026e-02    6.2589964926e+00    1.3948923442e+00    
7.6500000000e-01    0.0000000000e+00    1.7496251428e-04    1.7915581322e-02    5.9742739878e+00    1.8109748610e+00    
7.7250000000e-01    0.0000000000e+00    0.0000000000e+00    1.2338449397e-02    5.6033358806e+00    2.3707869437e+00    
7.8000000000e-01    0.0000000000e+00    2.3328335238e-04    8.5184960232e-03    5.0684826205e+00    2.9664651626e+00    
7.8750000000e-01    0.0000000000e+00    5.8320838094e-05    6.1501249316e-03    4.4737909091e+00    3.7898845128e+00    
7.9500000000e-01    0.0000000000e+00    0.0000000000e+00    5.0423384532e-03    3.7570860332e+00    4.7091530203e+00    
8.0250000000e-01    0.0000000000e+00    0.0000000000e+00    3.4761575700e-03    2.9173129069e+00    5.6746234718e+00    
8.1000000000e-01    0.0000000000e+00    1.7496251428e-04    2.4065706254e-03    2.1348912432e+00    6.6494579885e+00    
8.1750000000e-01    0.0000000000e+00    0.0000000000e+00    2.2155729567e-03    1.4441867020e+00    7.4146611224e+00    
8.2500000000e-01    1.0093577558e-04    5.8320838094e-05    1.7953780856e-03    9.2629018182e-01    7.9765050305e+00    
8.3250000000e-01    0.0000000000e+00    5.8320838094e-05    1.6043804169e-03    5.5972314542e-01    8.3076042393e+00    
8.4000000000e-01    0.0000000000e+00    0.0000000000e+00    1.1077864784e-03    3.5277555456e-01    8.4554857962e+00    
8.4750000000e-01    0.0000000000e+00    5.8320838094e-05    1.2987841470e-03    2.1139402490e-01    8.4152026481e+00    
8.5500000000e-01    0.0000000000e+00    0.0000000000e+00    1.2223850796e-03    1.3361911092e-01    8.2890527895e+00    
8.6250000000e-01    0.0000000000e+00    0.0000000000e+00    1.1077864784e-03    7.8754636726e-02    8.0553045220e+00    
8.7000000000e-01    0.0000000000e+00    0.0000000000e+00    1.0313874109e-03    4.8835411099e-02    7.6275610939e+00    
8.7750000000e-01    0.0000000000e+00    0.0000000000e+00    8.0219020847e-04    3.2481577444e-02    7.0875372244e+00    
8.8500000000e-01    0.0000000000e+00    0.0000000000e+00    7.6399067473e-04    1.8690095606e-02    6.3580235462e+00    
8.9250000000e-01    0.0000000000e+00    0.0000000000e+00    6.4939207352e-04    1.4092934993e-02    5.4925542431e+00    
9.0000000000e-01    0.0000000000e+00    5.8320838094e-05    3.8199533736e-04    7.1595124297e-03    4.4212521875e+00    
9.0750000000e-01    0.0000000000e+00    1.7496251428e-04    5.3479347231e-04    4.8232504789e-03    3.4023358926e+00    
9.1500000000e-01    0.0000000000e+00    0.0000000000e+00    3.4379580363e-04    3.6174378592e-03    2.4655760181e+00    
9.2250000000e-01    0.0000000000e+00    0.0000000000e+00    3.0559626989e-04    2.5623518169e-03    1.6843833012e+00    
9.3000000000e-01    0.0000000000e+00    0.0000000000e+00    2.6739673616e-04    1.5826290634e-03    1.1031045410e+00    
9.3750000000e-01    0.0000000000e+00    1.1664167619e-04    3.8199533736e-04    9.7972275353e-04    7.2933699769e-01    
9.4500000000e-01    0.0000000000e+00    5.8320838094e-05    3.4379580363e-04    9.7972275353e-04    5.3869876598e-01    
9.5250000000e-01    0.0000000000e+00    0.0000000000e+00    1.5279813495e-04    6.7826959860e-04    4.0724849314e-01    
9.6000000000e-01    0.0000000000e+00    0.0000000000e+00    4.5839440484e-04    8.2899617607e-04    3.0671730329e-01    
9.6750000000e-01    0.0000000000e+00    0.0000000000e+00    1.1459860121e-04    4.5217973240e-04    2.4708764323e-01    
9.7500000000e-01    0.0000000000e+00    5.8320838094e-05    3.0559626989e-04    4.5217973240e-04    1.9850051282e-01    
9.8250000000e-01    0.0000000000e+00    5.8320838094e-05    1.5279813495e-04    2.2608986620e-04    1.8215756895e-01    
9.9000000000e-01    0.0000000000e+00    5.8320838094e-05    2.6739673616e-04    7.5363288733e-05    1.4178608058e-01    
9.9750000000e-01    0.0000000000e+00    0.0000000000e+00    1.5279813495e-04    4.5217973240e-04    1.1404724613e-01    
1.0050000000e+00    0.0000000000e+00    0.0000000000e+00    4.2019487110e-04    7.5363288733e-05    8.7280154277e-02    
1.0125000000e+00    0.0000000000e+00    0.0000000000e+00    2.6739673616e-04    1.5072657747e-04    6.8993725193e-02    
1.0200000000e+00    0.0000000000e+00    0.0000000000e+00    2.2919720242e-04    0.0000000000e+00    5.8304556501e-02    
1.0275000000e+00    0.0000000000e+00    0.0000000000e+00    7.6399067473e-05    3.0145315493e-04    5.1679038717e-02    
1.0350000000e+00    0.0000000000e+00    0.0000000000e+00    1.9099766868e-04    1.5072657747e-04    4.1078210262e-02    
1.0425000000e+00    0.0000000000e+00    0.0000000000e+00    1.5279813495e-04    7.5363288733e-05    3.3392609632e-02    
1.0500000000e+00    0.0000000000e+00    0.0000000000e+00    1.5279813495e-04    7.5363288733e-05    3.3215929158e-02    
1.0575000000e+00    0.0000000000e+00    0.0000000000e+00    1.9099766868e-04    1.5072657747e-04    2.7208793034e-02    
1.0650000000e+00    0.0000000000e+00    0.0000000000e+00    1.5279813495e-04    2.2608986620e-04    2.3233482363e-02    
1.0725000000e+00    0.0000000000e+00    0.0000000000e+00    3.8199533736e-05    0.0000000000e+00    1.8904810744e-02    
1.0800000000e+00    0.0000000000e+00    5.8320838094e-05    7.6399067473e-05    0.0000000000e+00    1.9258171693e-02    
1.0875000000e+00    0.0000000000e+00    0.0000000000e+00    1.1459860121e-04    0.0000000000e+00    1.8198088847e-02    
1.0950000000e+00    0.0000000000e+00    0.0000000000e+00    3.8199533736e-05    7.5363288733e-05    1.2720994146e-02    
1.1025000000e+00    0.0000000000e+00    0.0000000000e+00    1.1459860121e-04    7.5363288733e-05    9.3640651350e-03    
1.1100000000e+00    0.0000000000e+00    0.0000000000e+00    7.6399067473e-05    1.5072657747e-04    8.7456834752e-03    
1.1175000000e+00    0.0000000000e+00    0.0000000000e+00    7.6399067473e-05    7.5363288733e-05    5.3887544645e-03    
1.1250000000e+00    0.0000000000e+00    0.0000000000e+00    7.6399067473e-05    0.0000000000e+00    5.6537751759e-03    
1.1325000000e+00    0.0000000000e+00    0.0000000000e+00    1.1459860121e-04    7.5363288733e-05    4.7703728046e-03    
1.1400000000e+00    0.0000000000e+00    0.0000000000e+00    0.0000000000e+00    0.0000000000e+00    4.5936923304e-03    
1.1475000000e+00    0.0000000000e+00    0.0000000000e+00    7.6399067473e-05    0.0000000000e+00    4.7703728046e-03    
1.1550000000e+00    0.0000000000e+00    5.8320838094e-05    0.0000000000e+00    0.0000000000e+00    4.9470532789e-03    
1.1625000000e+00    0.0000000000e+00    5.8320838094e-05    3.8199533736e-05    0.0000000000e+00    6.0071361244e-03    
1.1700000000e+00    0.0000000000e+00    0.0000000000e+00    0.0000000000e+00    0.0000000000e+00    4.9470532789e-03    
1.1775000000e+00    0.0000000000e+00    0.0000000000e+00    0.0000000000e+00    0.0000000000e+00    5.3004142274e-03    
1.1850000000e+00    0.0000000000e+00    0.0000000000e+00    1.1459860121e-04    0.0000000000e+00    2.6502071137e-03    
1.1925000000e+00    0.0000000000e+00    0.0000000000e+00    0.0000000000e+00    0.0000000000e+00    0.0000000000e+00    
1.2000000000e+00    0.0000000000e+00    0.0000000000e+00    0.0000000000e+00    0.0000000000e+00    0.0000000000e+00    
1.2075000000e+00    0.0000000000e+00    0.0000000000e+00    0.0000000000e+00    0.0000000000e+00    0.0000000000e+00    
1.2150000000e+00    0.0000000000e+00    0.0000000000e+00    0.0000000000e+00    0.0000000000e+00    0.0000000000e+00    
1.2225000000e+00    0.0000000000e+00    0.0000000000e+00    0.0000000000e+00    0.0000000000e+00    0.0000000000e+00    
1.2300000000e+00    0.0000000000e+00    0.0000000000e+00    0.0000000000e+00    0.0000000000e+00    0.0000000000e+00    
1.2375000000e+00    0.0000000000e+00    0.0000000000e+00    0.0000000000e+00    0.0000000000e+00    0.0000000000e+00    
1.2450000000e+00    0.0000000000e+00    0.0000000000e+00    0.0000000000e+00    0.0000000000e+00    0.0000000000e+00    
1.2525000000e+00    0.0000000000e+00    0.0000000000e+00    0.0000000000e+00    0.0000000000e+00    0.0000000000e+00    
1.2600000000e+00    0.0000000000e+00    0.0000000000e+00    0.0000000000e+00    0.0000000000e+00    0.0000000000e+00    
1.2675000000e+00    0.0000000000e+00    0.0000000000e+00    0.0000000000e+00    0.0000000000e+00    0.0000000000e+00    
1.2750000000e+00    0.0000000000e+00    0.0000000000e+00    0.0000000000e+00    0.0000000000e+00    0.0000000000e+00    
1.2825000000e+00    0.0000000000e+00    0.0000000000e+00    0.0000000000e+00    0.0000000000e+00    0.0000000000e+00    
1.2900000000e+00    0.0000000000e+00    0.0000000000e+00    0.0000000000e+00    0.0000000000e+00    0.0000000000e+00    
1.2975000000e+00    0.0000000000e+00    0.0000000000e+00    0.0000000000e+00    0.0000000000e+00    0.0000000000e+00    
1.3050000000e+00    0.0000000000e+00    0.0000000000e+00    0.0000000000e+00    0.0000000000e+00    0.0000000000e+00    
1.3125000000e+00    0.0000000000e+00    0.0000000000e+00    0.0000000000e+00    0.0000000000e+00    0.0000000000e+00    
1.3200000000e+00    0.0000000000e+00    0.0000000000e+00    0.0000000000e+00    0.0000000000e+00    0.0000000000e+00    
1.3275000000e+00    0.0000000000e+00    0.0000000000e+00    0.0000000000e+00    0.0000000000e+00    0.0000000000e+00    
1.3350000000e+00    0.0000000000e+00    0.0000000000e+00    0.0000000000e+00    0.0000000000e+00    0.0000000000e+00    
1.3425000000e+00    0.0000000000e+00    0.0000000000e+00    0.0000000000e+00    0.0000000000e+00    0.0000000000e+00    
1.3500000000e+00    0.0000000000e+00    0.0000000000e+00    0.0000000000e+00    0.0000000000e+00    0.0000000000e+00    
1.3575000000e+00    0.0000000000e+00    0.0000000000e+00    0.0000000000e+00    0.0000000000e+00    0.0000000000e+00    
1.3650000000e+00    0.0000000000e+00    0.0000000000e+00    0.0000000000e+00    0.0000000000e+00    0.0000000000e+00    
1.3725000000e+00    0.0000000000e+00    0.0000000000e+00    0.0000000000e+00    0.0000000000e+00    0.0000000000e+00    
1.3800000000e+00    0.0000000000e+00    0.0000000000e+00    0.0000000000e+00    0.0000000000e+00    0.0000000000e+00    
1.3875000000e+00    0.0000000000e+00    0.0000000000e+00    0.0000000000e+00    0.0000000000e+00    0.0000000000e+00    
1.3950000000e+00    0.0000000000e+00    0.0000000000e+00    0.0000000000e+00    0.0000000000e+00    0.0000000000e+00    
1.4025000000e+00    0.0000000000e+00    0.0000000000e+00    0.0000000000e+00    0.0000000000e+00    0.0000000000e+00    
1.4100000000e+00    0.0000000000e+00    0.0000000000e+00    0.0000000000e+00    0.0000000000e+00    0.0000000000e+00    
1.4175000000e+00    0.0000000000e+00    0.0000000000e+00    0.0000000000e+00    0.0000000000e+00    0.0000000000e+00    
1.4250000000e+00    0.0000000000e+00    0.0000000000e+00    0.0000000000e+00    0.0000000000e+00    0.0000000000e+00    
1.4325000000e+00    0.0000000000e+00    0.0000000000e+00    0.0000000000e+00    0.0000000000e+00    0.0000000000e+00    
1.4400000000e+00    0.0000000000e+00    0.0000000000e+00    0.0000000000e+00    0.0000000000e+00    0.0000000000e+00    
1.4475000000e+00    0.0000000000e+00    0.0000000000e+00    0.0000000000e+00    0.0000000000e+00    0.0000000000e+00    
1.4550000000e+00    0.0000000000e+00    0.0000000000e+00    0.0000000000e+00    0.0000000000e+00    0.0000000000e+00    
1.4625000000e+00    0.0000000000e+00    0.0000000000e+00    0.0000000000e+00    0.0000000000e+00    0.0000000000e+00    
1.4700000000e+00    0.0000000000e+00    0.0000000000e+00    0.0000000000e+00    0.0000000000e+00    0.0000000000e+00    
1.4775000000e+00    0.0000000000e+00    0.0000000000e+00    0.0000000000e+00    0.0000000000e+00    0.0000000000e+00    
1.4850000000e+00    0.0000000000e+00    0.0000000000e+00    0.0000000000e+00    0.0000000000e+00    0.0000000000e+00    
1.4925000000e+00    0.0000000000e+00    0.0000000000e+00    0.0000000000e+00    0.0000000000e+00    0.0000000000e+00    
