0.000000000000000000e+00 1.387565252692658513e-01 3.947686693596187679e-02 1.108365029765829429e-02 3.957056281672073628e-02
1.000000000000000021e-02 2.706890292684364097e-01 7.050829815177088455e-02 1.250588383425478914e-02 5.157442934344136365e-02
2.000000000000000042e-02 3.941833451244261544e-01 9.997348431370903232e-02 1.407660150154786335e-02 6.248780688453585419e-02
2.999999999999999889e-02 5.092394728372351409e-01 1.278724254217763201e-01 1.579580329953751347e-02 7.231069544000420790e-02
4.000000000000000083e-02 6.158574124068634248e-01 1.542051214759727340e-01 1.766348922822374296e-02 8.104309500984643866e-02
5.000000000000000278e-02 7.140371638333109505e-01 1.789715724762983018e-01 1.967965928760655181e-02 8.868500559406253259e-02
5.999999999999999778e-02 8.037787271165759417e-01 2.021717784227524128e-01 2.184431347768588452e-02 9.523642719265226764e-02
7.000000000000000666e-02 8.891957975433175676e-01 2.293906671329865588e-01 2.413168780813553654e-02 9.976795318940190338e-02
8.000000000000000167e-02 1.024932796190060058e+00 2.634032587255654145e-01 2.801659976497579765e-02 1.061387548834638039e-01
8.999999999999999667e-02 1.105806707910396147e+00 2.846531522911063261e-01 3.193691797410747046e-02 1.121115003696236678e-01
1.000000000000000056e-01 1.154473165407397417e+00 2.954375778096521299e-01 3.409179449872398737e-02 1.155108420815732645e-01
1.100000000000000006e-01 1.207818602839597855e+00 3.039664887692865580e-01 3.484562936262975558e-02 1.189277690355156070e-01
1.199999999999999956e-01 1.192400126468047716e+00 2.996932442458676293e-01 3.398406504680074464e-02 1.160511294211319516e-01
1.300000000000000044e-01 1.115975181410759021e+00 2.758249362007673122e-01 3.151186235789715795e-02 1.068518114964757126e-01
1.400000000000000133e-01 1.100121592574969220e+00 2.647071883311710172e-01 2.946948790321984174e-02 1.025148387139212525e-01
1.499999999999999944e-01 9.874918330486884832e-01 2.516757364645691442e-01 2.744248659220237252e-02 9.434301470523259736e-02
1.600000000000000033e-01 9.506597566068206717e-01 2.550696111898636542e-01 2.751822738992571599e-02 9.898704748288225663e-02
1.700000000000000122e-01 1.308574906175131947e+00 3.747708546656727258e-01 3.741397263462622330e-02 1.415177747919663664e-01
1.799999999999999933e-01 1.573797297646455817e+00 4.738037904559128100e-01 4.644500482348109388e-02 1.749604420128890725e-01
1.900000000000000022e-01 1.630272991073790090e+00 5.096341168264402199e-01 4.911789039483464847e-02 1.854642474185663192e-01
2.000000000000000111e-01 1.854621222285280702e+00 5.721174133666870887e-01 5.455309526479615312e-02 2.055973371839858455e-01
2.099999999999999922e-01 1.978192647422175821e+00 6.124524032153695341e-01 5.875635371361077885e-02 2.162722231151350816e-01
2.200000000000000011e-01 1.999363937954816262e+00 6.243471318919953106e-01 5.951616159359568448e-02 2.163763326270233822e-01
2.300000000000000100e-01 1.987685829714970209e+00 6.242304225476664747e-01 5.969351458269124555e-02 2.142587665529406826e-01
2.399999999999999911e-01 1.943985090733677978e+00 6.092542724528284825e-01 5.884641188024414271e-02 2.102387651989562345e-01
2.500000000000000000e-01 1.832409790326330778e+00 5.686213475186349120e-01 5.534083709697195513e-02 1.986487115611585974e-01
2.600000000000000089e-01 1.734544969416409899e+00 5.350223521931115611e-01 5.385520463988266449e-02 1.916343827381634668e-01
2.700000000000000178e-01 1.556796043009617492e+00 5.103807861354094921e-01 5.517718280588576607e-02 1.850250777296822413e-01
2.800000000000000266e-01 1.520479022517853718e+00 5.389727068076334282e-01 6.241164448727774122e-02 1.973748104539658210e-01
2.899999999999999800e-01 1.787104315580261504e+00 6.739171456985885156e-01 7.892998448073508533e-02 2.368679230565053084e-01
2.999999999999999889e-01 1.730003699974544507e+00 7.403374612745967642e-01 8.955421307167674150e-02 2.430568965247399960e-01
3.099999999999999978e-01 1.848335946461522550e+00 8.129200537715310926e-01 1.003083424616515174e-01 2.658771651748321752e-01
3.200000000000000067e-01 2.228953600733283302e+00 9.552777503211777876e-01 1.185587490787770315e-01 3.159727269820280515e-01
3.300000000000000155e-01 2.432482111608575082e+00 1.060496000622079604e+00 1.345240453344391796e-01 3.485936063362853332e-01
3.400000000000000244e-01 2.464717471631346690e+00 1.091097787124469587e+00 1.404884835104074359e-01 3.569378650764518657e-01
3.500000000000000333e-01 2.398637135616854543e+00 1.086226302303101354e+00 1.428957025893954624e-01 3.518903637372945425e-01
3.599999999999999867e-01 2.342002552346637234e+00 1.066673852749946416e+00 1.424076222624379995e-01 3.481134284877959728e-01
3.699999999999999956e-01 2.262147083323435837e+00 1.018628089010048310e+00 1.379992156238653289e-01 3.430248881865926580e-01
3.800000000000000044e-01 2.137986983419396747e+00 9.570195746175794715e-01 1.331047776994826737e-01 3.366180549039412551e-01
3.900000000000000133e-01 1.965712884256234805e+00 9.128019418521564621e-01 1.300348921795647095e-01 3.283640104789143921e-01
4.000000000000000222e-01 1.749261345840275483e+00 8.788704599855055033e-01 1.306861964393270792e-01 3.156713888771408572e-01
4.100000000000000311e-01 1.424897103040326130e+00 8.017062042298410685e-01 1.305109225870094702e-01 2.840135729846421930e-01
4.199999999999999845e-01 1.097902277255354608e+00 7.618459207651677723e-01 1.368820063328428926e-01 2.528924731940348503e-01
4.299999999999999933e-01 1.139795218697866819e+00 8.156003332386205784e-01 1.522051522723225081e-01 2.708629673722124376e-01
4.400000000000000022e-01 1.203475129276382560e+00 9.192274904852161255e-01 1.779718413184673831e-01 3.003930512645691664e-01
4.500000000000000111e-01 1.177202924225214886e+00 1.019814115244218833e+00 2.089520154730073465e-01 3.224466645921597041e-01
4.600000000000000200e-01 1.078884177454965787e+00 1.073046262834190134e+00 2.330550770087178314e-01 3.286170317838359445e-01
4.700000000000000289e-01 9.643825290254492977e-01 1.129364130952337231e+00 2.578825406949206700e-01 3.306311894374347471e-01
4.799999999999999822e-01 9.858482273677611207e-01 1.220834321936335787e+00 2.856981518432702982e-01 3.487888562826704786e-01
4.899999999999999911e-01 1.102822979135664960e+00 1.319878114731154461e+00 3.067661805764774208e-01 3.747404344949201160e-01
5.000000000000000000e-01 1.203386680566534306e+00 1.377859904759275889e+00 3.232903064115233427e-01 3.944739493319434631e-01
5.100000000000000089e-01 1.259811518285459675e+00 1.421459948653696292e+00 3.385139225504940619e-01 4.065128635580325667e-01
5.200000000000000178e-01 1.238732919726702519e+00 1.391735582244067793e+00 3.286423876165137647e-01 3.958725072494066466e-01
5.300000000000000266e-01 1.127042360802620991e+00 1.317022799124993426e+00 3.233083101073248589e-01 3.742596563289416478e-01
5.400000000000000355e-01 1.042101857231596318e+00 1.324786074341400166e+00 3.700163243070968555e-01 3.767084517643292663e-01
5.500000000000000444e-01 9.985747542910654584e-01 1.385151361340327680e+00 4.657846272633963114e-01 4.025631817961551895e-01
5.600000000000000533e-01 9.159840544630697412e-01 1.480519328933018741e+00 6.004285114020615488e-01 4.373463967080972736e-01
5.700000000000000622e-01 8.401826000890377788e-01 1.624627343099393606e+00 7.522420924960432354e-01 4.829147210561780534e-01
5.799999999999999600e-01 7.069959381244134144e-01 1.633458268238714428e+00 8.514333085659615552e-01 4.891262838678530622e-01
5.899999999999999689e-01 5.467908546336890385e-01 1.457532523698779059e+00 8.345614565465120371e-01 4.492960832817922689e-01
5.999999999999999778e-01 5.158220957469807910e-01 1.625291789037591528e+00 8.835303180153810665e-01 4.826501961388053319e-01
6.099999999999999867e-01 5.470445393030469727e-01 1.934762638362688580e+00 1.047274026127022362e+00 5.596291258716801220e-01
6.199999999999999956e-01 5.695328013906295617e-01 2.116601085280145789e+00 1.213564965372240234e+00 6.172756627357729453e-01
6.300000000000000044e-01 5.490089623289184928e-01 2.111584349087934243e+00 1.311362753056420916e+00 6.272851409075426155e-01
6.400000000000000133e-01 5.519630847215141189e-01 2.133722923513687419e+00 1.420641314666506005e+00 6.502681841949820019e-01
6.500000000000000222e-01 5.643468147215602304e-01 2.210059457005026928e+00 1.584266867004864077e+00 6.978059096028890185e-01
6.600000000000000311e-01 5.494390353108544733e-01 2.260014699940541494e+00 1.780045005248266143e+00 7.405049147738147486e-01
6.700000000000000400e-01 5.008061572445501319e-01 2.235969697481015928e+00 1.963816996539626158e+00 7.598673062349481366e-01
6.800000000000000488e-01 4.480691445923113414e-01 2.194173734580870061e+00 2.138003981864969205e+00 7.831168031427295784e-01
6.900000000000000577e-01 4.069898939753741063e-01 2.117167516282673301e+00 2.251657189007674198e+00 8.021201648456445232e-01
7.000000000000000666e-01 3.235168423159999751e-01 1.849304017265531730e+00 2.208933602995718282e+00 7.635946052636570780e-01
7.099999999999999645e-01 2.626135434846754158e-01 1.537726229566740654e+00 2.008286924086881697e+00 7.000079492710873375e-01
7.199999999999999734e-01 2.993036303405946508e-01 1.568886076343429803e+00 1.824012861302805044e+00 7.043734447295195711e-01
7.299999999999999822e-01 2.981807032847928474e-01 1.526232820244393551e+00 1.713262019529845581e+00 7.095343090697885380e-01
7.399999999999999911e-01 2.552253040196676981e-01 1.316464510201426741e+00 1.585192418658110336e+00 6.857388750814801259e-01
7.500000000000000000e-01 1.972284870494254716e-01 1.058048859266889519e+00 1.430236097223363201e+00 6.477965232345087587e-01
7.600000000000000089e-01 1.866925720405833433e-01 9.721119243277991373e-01 1.360262349467741716e+00 6.549818999473486780e-01
7.700000000000000178e-01 1.788484698484387181e-01 9.286667988277081953e-01 1.429844226723344214e+00 6.965079797445141718e-01
7.800000000000000266e-01 1.546538829330555420e-01 8.539381870732272173e-01 1.590114837140495840e+00 7.433024257056349837e-01
7.900000000000000355e-01 1.238285235498721160e-01 7.711880003193819499e-01 1.833406390082344739e+00 7.988233438501788353e-01
8.000000000000000444e-01 1.095992495307774595e-01 7.789955149884635333e-01 2.200872817440837181e+00 9.112345072585732453e-01
8.100000000000000533e-01 1.029187968575676349e-01 8.161911403467636550e-01 2.571670543378568041e+00 1.045319624177960538e+00
8.200000000000000622e-01 9.096197039983472399e-02 7.871190569258426084e-01 2.737249039119566074e+00 1.113650386547285542e+00
8.300000000000000711e-01 8.438914299335910363e-02 7.187256959967316394e-01 2.712630971412973047e+00 1.126075257615382963e+00
8.399999999999999689e-01 8.276976122059619134e-02 6.651901718634549709e-01 2.654826488779869820e+00 1.148018423769476160e+00
8.499999999999999778e-01 7.805398334225424617e-02 6.111638729160744354e-01 2.539277812608925267e+00 1.133471300665964687e+00
8.599999999999999867e-01 7.082415006796466406e-02 5.436825512045305731e-01 2.285014397186567070e+00 1.060930055343791034e+00
8.699999999999999956e-01 6.760510392222325582e-02 5.126204541985383001e-01 2.114845330973226467e+00 1.041768415918863377e+00
8.800000000000000044e-01 6.691324163615050558e-02 5.046753092494744575e-01 2.035033800444804086e+00 1.065355300960707741e+00
8.900000000000000133e-01 7.065273465119982499e-02 5.210956253595493415e-01 2.056372789238760213e+00 1.122819675380061888e+00
9.000000000000000222e-01 7.308055195434336182e-02 5.335458939024251279e-01 2.112137417834370368e+00 1.202216996878784139e+00
9.100000000000000311e-01 7.306959743676720576e-02 5.444663172182365729e-01 2.223518014436228984e+00 1.307413684209869364e+00
9.200000000000000400e-01 7.305166300538773472e-02 5.724713970411264841e-01 2.363175191929126395e+00 1.428827183109952159e+00
9.300000000000000488e-01 7.021208758076556700e-02 5.684533076789812789e-01 2.418188436980728273e+00 1.523159360976247934e+00
9.400000000000000577e-01 6.542127604530556528e-02 5.305881585628050567e-01 2.348213466303470831e+00 1.586884186579548439e+00
9.500000000000000666e-01 6.546963774186653762e-02 4.979679785816940596e-01 2.259897677386306203e+00 1.645343532087200966e+00
9.599999999999999645e-01 6.680710863646641129e-02 4.800092548011493099e-01 2.162108491824860756e+00 1.676912518057534385e+00
9.699999999999999734e-01 6.538237754781670019e-02 4.332088086279679562e-01 1.884045895264468973e+00 1.579713419899539062e+00
9.799999999999999822e-01 6.075257953231667785e-02 3.762306682387583923e-01 1.555667002596874404e+00 1.420326980875823653e+00
9.899999999999999911e-01 5.840895234129862834e-02 3.510300649611901580e-01 1.384736480856494145e+00 1.333255098385999649e+00
1.000000000000000000e+00 5.511143044741645403e-02 3.175087418763180014e-01 1.200366981641536324e+00 1.228856749275666793e+00
1.010000000000000009e+00 5.204438031041440371e-02 2.826139923171588353e-01 9.895918579827116535e-01 1.094529118624571362e+00
1.020000000000000018e+00 4.881216057830330135e-02 2.515232633602117462e-01 7.941467625530577168e-01 9.743451939013972884e-01
1.030000000000000027e+00 4.576451853261795377e-02 2.284611489966762998e-01 6.423811527324474469e-01 8.906529894592348784e-01
1.040000000000000036e+00 4.353236729775144392e-02 2.072650134232109642e-01 5.174240782005041783e-01 8.343700589676059653e-01
1.050000000000000044e+00 4.591888876595964786e-02 1.960932973043924554e-01 4.403625718488451968e-01 8.582045287133550637e-01
1.060000000000000053e+00 5.446064287357924028e-02 2.057900854843447425e-01 4.310590019135757123e-01 9.676789469149724709e-01
1.070000000000000062e+00 6.390535881437295340e-02 2.202609652555156672e-01 4.443734892508318657e-01 1.074284009553034380e+00
1.080000000000000071e+00 7.068912665387439009e-02 2.305134434983733271e-01 4.413232319248386881e-01 1.135969933837078560e+00
1.090000000000000080e+00 7.727851599343746325e-02 2.362837166438859771e-01 4.174714763840638443e-01 1.171991766944439295e+00
1.100000000000000089e+00 8.002281033545292910e-02 2.347562273081576500e-01 4.063390073582135997e-01 1.217100817462109852e+00
1.110000000000000098e+00 8.458353968030729586e-02 2.337989641124734730e-01 3.995095977710857449e-01 1.292655705803815280e+00
1.120000000000000107e+00 8.808928201648257017e-02 2.283101821407363397e-01 3.748780271620471005e-01 1.306717799141152270e+00
1.130000000000000115e+00 8.928379474055656018e-02 2.184864780366213011e-01 3.311497586137045479e-01 1.234341442306408299e+00
1.140000000000000124e+00 8.833835842836518237e-02 2.054006354474103568e-01 2.961737460525712962e-01 1.156144626132403541e+00
1.150000000000000133e+00 8.642641274884707570e-02 1.954201731397405828e-01 2.833640512612171092e-01 1.148195149521982650e+00
1.159999999999999920e+00 8.834696607455654049e-02 1.912355259315069445e-01 2.799502962123628924e-01 1.169577458386973356e+00
1.169999999999999929e+00 9.403789689441596766e-02 1.932391102737099631e-01 2.771410986522916398e-01 1.205138213601923081e+00
1.179999999999999938e+00 9.930942835640296784e-02 1.929342765822706363e-01 2.651142970087900785e-01 1.212009055924313961e+00
1.189999999999999947e+00 9.940111089530485888e-02 1.839257023967918458e-01 2.427395453150891225e-01 1.174713513143916810e+00
1.199999999999999956e+00 1.040779322778389304e-01 1.801177583836350848e-01 2.248723855829097840e-01 1.168422116673733413e+00
1.209999999999999964e+00 1.186575200912328293e-01 1.854171037204520589e-01 2.155553245000921270e-01 1.212056437124962915e+00
1.219999999999999973e+00 1.318957972333621165e-01 1.862808608000077193e-01 2.078263079572866268e-01 1.245293233040137393e+00
1.229999999999999982e+00 1.435292250537719139e-01 1.867860707871182857e-01 1.945673787179267866e-01 1.239449221074268914e+00
1.239999999999999991e+00 1.476255973921786757e-01 1.769677374475767395e-01 1.665829513739162659e-01 1.148526637297883291e+00
1.250000000000000000e+00 1.428081589455077183e-01 1.565598182567062291e-01 1.318126415014276853e-01 9.982673197728303416e-01
1.260000000000000009e+00 1.309364667512754599e-01 1.322955253141404330e-01 1.109204876938909567e-01 8.661034400026683677e-01
1.270000000000000018e+00 1.156503808404033273e-01 1.111826986565371822e-01 9.845317194427910534e-02 7.720672376790520541e-01
1.280000000000000027e+00 1.015302986790227180e-01 9.186500135834171910e-02 8.295387296330364313e-02 6.649802260626361816e-01
1.290000000000000036e+00 8.677538042887963932e-02 7.216435675095031477e-02 6.636863969845523126e-02 5.515814957119217210e-01
1.300000000000000044e+00 7.198415512045697184e-02 5.484744741405762902e-02 5.364726606418372679e-02 4.569923777094249129e-01
1.310000000000000053e+00 5.987618295605183494e-02 4.415050203359543318e-02 4.820045179663322993e-02 4.036631085080697456e-01
1.320000000000000062e+00 5.881870019294851981e-02 4.706015961247829449e-02 5.146729461439228381e-02 4.162167709506757740e-01
1.330000000000000071e+00 6.491844054539809561e-02 5.535143583280877772e-02 5.624438361687163213e-02 4.509635020235829850e-01
1.340000000000000080e+00 6.984353546279886693e-02 6.181132675818144795e-02 5.899052795528804405e-02 4.718372003137315529e-01
1.350000000000000089e+00 7.478368986968980670e-02 6.759314997903256850e-02 6.090528896856360619e-02 4.846873192389761220e-01
1.360000000000000098e+00 7.984627290523518828e-02 7.276384662055276897e-02 6.257296429914188662e-02 4.913285304247442253e-01
1.370000000000000107e+00 8.301698928995426829e-02 7.585866489841838756e-02 6.312060510016451187e-02 4.849808846205256874e-01
1.380000000000000115e+00 8.567084590003209987e-02 7.781832148650541514e-02 6.251052092085816747e-02 4.689968803275301745e-01
1.390000000000000124e+00 8.959359936527291901e-02 8.016490699309058998e-02 6.149760329268168235e-02 4.505239795484345944e-01
1.400000000000000133e+00 9.522731328875876089e-02 8.334070023081818768e-02 6.113604489310743573e-02 4.356992888316955082e-01
1.409999999999999920e+00 1.020063966948637491e-01 8.706332215358170146e-02 6.089267496127652446e-02 4.240362553726101380e-01
1.419999999999999929e+00 1.092230266993109711e-01 9.119084744465770498e-02 6.103036556892941361e-02 4.152496537452816661e-01
1.429999999999999938e+00 1.161217326939705113e-01 9.548101495894373292e-02 6.164568323531544047e-02 4.069555476444892683e-01
1.439999999999999947e+00 1.205265883580922959e-01 9.842992802753522397e-02 6.154630072026519294e-02 3.930302409689317433e-01
1.449999999999999956e+00 1.205491839079509409e-01 9.847912085250491721e-02 5.970898687458819909e-02 3.700982342208694043e-01
1.459999999999999964e+00 1.172138543929243659e-01 9.585751341230580591e-02 5.646665869025604273e-02 3.410837680038547037e-01
1.469999999999999973e+00 1.122240277052166946e-01 9.106102459815985928e-02 5.243208238558928758e-02 3.088452891342178264e-01
1.479999999999999982e+00 1.046606923359712782e-01 8.369127083509750320e-02 4.733349177848124312e-02 2.725020773925530548e-01
1.489999999999999991e+00 9.398618294579393073e-02 7.392324598015140302e-02 4.095399495234506443e-02 2.320883596328911225e-01
1.500000000000000000e+00 8.284803417433841966e-02 6.391238102127033693e-02 3.415957508852618396e-02 1.937875768352698425e-01
1.510000000000000009e+00 7.231218938536815299e-02 5.477783919936346502e-02 2.817744801381248318e-02 1.608585672485968177e-01
1.520000000000000018e+00 6.263484072129919811e-02 4.667201764585843238e-02 2.351573000795911111e-02 1.335681223115961491e-01
1.530000000000000027e+00 5.532316983315420378e-02 4.055912211378886328e-02 2.049858514062905326e-02 1.139259520487350130e-01
1.540000000000000036e+00 5.191521973738982831e-02 3.757002865718346574e-02 1.940471189540352373e-02 1.045207804637390270e-01
1.550000000000000044e+00 5.179146685667802841e-02 3.725939995431830354e-02 1.959240796531910855e-02 1.029552300572073309e-01
1.560000000000000053e+00 5.422652091865647755e-02 3.893306133010020903e-02 2.033964305624554741e-02 1.057661579455982104e-01
1.570000000000000062e+00 6.108258737516679415e-02 4.357303083721095205e-02 2.174675891494856628e-02 1.142049034077385339e-01
1.580000000000000071e+00 7.190493756529532654e-02 5.075078867684493233e-02 2.376004538766105303e-02 1.276453447888190595e-01
1.590000000000000080e+00 8.292685840113545037e-02 5.797287354827844463e-02 2.551307825201236390e-02 1.408634118622222042e-01
1.600000000000000089e+00 9.133287092361169757e-02 6.340628630692127232e-02 2.607954925395797319e-02 1.494460811755502772e-01
1.610000000000000098e+00 9.526996167054700704e-02 6.583926487719696241e-02 2.527795334710324082e-02 1.511829087201984056e-01
1.620000000000000107e+00 9.417694981315744007e-02 6.487177694941299866e-02 2.346738560982756377e-02 1.460344838954639457e-01
1.630000000000000115e+00 8.810573086608311510e-02 6.050491958119449953e-02 2.108202867936212130e-02 1.344264048376730691e-01
1.640000000000000124e+00 7.751095264371835047e-02 5.302803527810058537e-02 1.820305258197787296e-02 1.169827581263970656e-01
1.650000000000000133e+00 6.368033903452544053e-02 4.329052178370568216e-02 1.492261053376838995e-02 9.576385033307560635e-02
1.660000000000000142e+00 4.916994909590088197e-02 3.328869370913577902e-02 1.181140387369600080e-02 7.502485596260433098e-02
1.669999999999999929e+00 3.681267834315518628e-02 2.513035140807387199e-02 9.444418158168647881e-03 5.849551040534897717e-02
1.679999999999999938e+00 3.104236627360308295e-02 2.144557457079607210e-02 8.524243751825966858e-03 5.106677664735796013e-02
1.689999999999999947e+00 3.377814459496020216e-02 2.326508768736985575e-02 9.146089170085514725e-03 5.390897808433781774e-02
1.699999999999999956e+00 4.197235852015283875e-02 2.829929108898854295e-02 1.046918703530364328e-02 6.193498818255457894e-02
1.709999999999999964e+00 5.143309369289633670e-02 3.384713209081435803e-02 1.175691154078637238e-02 7.024046781324323752e-02
1.719999999999999973e+00 6.012916376484170322e-02 3.874126999194715815e-02 1.281922159188626439e-02 7.716045108005192832e-02
1.729999999999999982e+00 6.662943343916109817e-02 4.213951306109335604e-02 1.352344423942124056e-02 8.144703241812732697e-02
1.739999999999999991e+00 7.035986878841268832e-02 4.370176050528929573e-02 1.378294504997477563e-02 8.254261169065660320e-02
1.750000000000000000e+00 7.126992884060956435e-02 4.339862946008113398e-02 1.358113322589914705e-02 8.044942470954696834e-02
1.760000000000000009e+00 6.994866181663766946e-02 4.159921269083593359e-02 1.302389489827543781e-02 7.599544096240368196e-02
1.770000000000000018e+00 6.744263631930919045e-02 3.912231008956833234e-02 1.236494746247113544e-02 7.096361491280631095e-02
1.780000000000000027e+00 6.499837226117508027e-02 3.713598893294441095e-02 1.192392778799469290e-02 6.761224040929114665e-02
1.790000000000000036e+00 6.347981609340769271e-02 3.624613476651510763e-02 1.181847804279206361e-02 6.682018543618764572e-02
1.800000000000000044e+00 6.273740139364900048e-02 3.600991435508956590e-02 1.183123645294966927e-02 6.737517146560612069e-02
1.810000000000000053e+00 6.162095054229589641e-02 3.558081516185276905e-02 1.164030981898541220e-02 6.718835185149137079e-02
1.820000000000000062e+00 5.968340017765223077e-02 3.449922505197413475e-02 1.116089970966456860e-02 6.549075096762985160e-02
1.830000000000000071e+00 5.614111260659004204e-02 3.236134010859854915e-02 1.035029901060023280e-02 6.177946662614672985e-02
1.840000000000000080e+00 5.081254891838969667e-02 2.911439813665483295e-02 9.230717979516698049e-03 5.601474889879452801e-02
1.850000000000000089e+00 4.416638262253524960e-02 2.503660979774464945e-02 7.893202212263736306e-03 4.864697592425572953e-02
1.860000000000000098e+00 3.714191103050821369e-02 2.066891468347827054e-02 6.490219695363685232e-03 4.058786892309532157e-02
1.870000000000000107e+00 3.091099849569474770e-02 1.667502461301014621e-02 5.199704185085446406e-03 3.297806351147877790e-02
1.880000000000000115e+00 2.657038403886381045e-02 1.365822642437272694e-02 4.189003682657847956e-03 2.691627020454525829e-02
1.890000000000000124e+00 2.433566241296087826e-02 1.179660187994536341e-02 3.524863444144537596e-03 2.291520028173899687e-02
1.900000000000000133e+00 2.388573301965203621e-02 1.097966413147625185e-02 3.195287563010488704e-03 2.096772638994203602e-02
1.910000000000000142e+00 2.470875993919223121e-02 1.099618719618395205e-02 3.142349377958824838e-03 2.072480914342620176e-02
1.919999999999999929e+00 2.648250001824173014e-02 1.169064294045005399e-02 3.313675797331704434e-03 2.178595233132562745e-02
1.929999999999999938e+00 2.903773235030727984e-02 1.286972304466041730e-02 3.630255189126691505e-03 2.371421770417793395e-02
1.939999999999999947e+00 3.261053521571605218e-02 1.445550730480645030e-02 4.022185635092283620e-03 2.622973153209371550e-02
1.949999999999999956e+00 3.685731042153991138e-02 1.620978888451719835e-02 4.408844120924636928e-03 2.896981468354098768e-02
1.959999999999999964e+00 4.111959763807389312e-02 1.787212919011800863e-02 4.726116775968617310e-03 3.156734769197101775e-02
1.969999999999999973e+00 4.460597764743375743e-02 1.913198470332283518e-02 4.912605537842096824e-03 3.355688247202009977e-02
1.979999999999999982e+00 4.561767116628759333e-02 1.936301114150551159e-02 4.846081627755722751e-03 3.393060966777344811e-02
1.989999999999999991e+00 4.555795309950824712e-02 1.905511934426488974e-02 4.653726497806266217e-03 3.348299739998004260e-02
2.000000000000000000e+00 4.408442913295877036e-02 1.814901124201942842e-02 4.341484388960185729e-03 3.213045449340072579e-02
2.010000000000000231e+00 4.247989311677040358e-02 1.716571024228803061e-02 4.029322354932347514e-03 3.061239382309360879e-02
2.020000000000000018e+00 4.057803307248997182e-02 1.613443626788301985e-02 3.737910282316774663e-03 2.896406036523396788e-02
2.030000000000000249e+00 3.781360274554911721e-02 1.489108172013391823e-02 3.432520107825409728e-03 2.690621949102301944e-02
2.040000000000000036e+00 3.462166181584625663e-02 1.362462258280079143e-02 3.156062520500235204e-03 2.471115117207712750e-02
2.049999999999999822e+00 3.159821699042443532e-02 1.250645636530422523e-02 2.923402238800483152e-03 2.260116160227251120e-02
2.060000000000000053e+00 2.852861599736125631e-02 1.137537576385186378e-02 2.682284811848027230e-03 2.030251908387537690e-02
2.069999999999999840e+00 2.741681780046064873e-02 1.094044751141962438e-02 2.573321627931731727e-03 1.910341241840113335e-02
2.080000000000000071e+00 2.739858746587102087e-02 1.089775001786552795e-02 2.542812721077513435e-03 1.865721193676023182e-02
2.089999999999999858e+00 2.859481384537224807e-02 1.127880596217918467e-02 2.613514131528543206e-03 1.908680338670781448e-02
2.100000000000000089e+00 3.005198644866970484e-02 1.172803726058296858e-02 2.713720709025590171e-03 1.981367327184352031e-02
2.109999999999999876e+00 3.233339936457688135e-02 1.242277950804796839e-02 2.882014172962020157e-03 2.107311411107064270e-02
2.120000000000000107e+00 3.438942554193658019e-02 1.303114748905093677e-02 3.034338453516345277e-03 2.225151487280203899e-02
2.129999999999999893e+00 3.685882406543972145e-02 1.379655932663194882e-02 3.208516466996794766e-03 2.361097086180241611e-02
2.140000000000000124e+00 3.843352342806590632e-02 1.426078176910786782e-02 3.299320466915732324e-03 2.442643980185597863e-02
2.149999999999999911e+00 3.845690914819574480e-02 1.415734384605405252e-02 3.236786439033220546e-03 2.423258122484534677e-02
2.160000000000000142e+00 3.716805320279435720e-02 1.356333832453462257e-02 3.035071618098283356e-03 2.312550666873281618e-02
2.169999999999999929e+00 3.462794623368588287e-02 1.250023755759472298e-02 2.709880663362925369e-03 2.115193960036144266e-02
2.180000000000000160e+00 3.111987624838345734e-02 1.108807697953807618e-02 2.301352588931740613e-03 1.853005869431565908e-02
2.189999999999999947e+00 2.892456930266783244e-02 1.019437007338855165e-02 2.005670090732681980e-03 1.670523035136388043e-02
2.200000000000000178e+00 2.739851177871984594e-02 9.589839963992544819e-03 1.792722669432249066e-03 1.539198470627667174e-02
2.209999999999999964e+00 2.737867237163614173e-02 9.585631033293401729e-03 1.736878780912840762e-03 1.512218198200988156e-02
2.220000000000000195e+00 2.804506614992830632e-02 9.872937421251460829e-03 1.768498165845329515e-03 1.538781791304038443e-02
2.229999999999999982e+00 2.850129584413006040e-02 1.009244269838785110e-02 1.804119356625121656e-03 1.558150479221681595e-02
2.240000000000000213e+00 2.898281582080011742e-02 1.031590318050896148e-02 1.849023189095934643e-03 1.581628936760099205e-02
2.250000000000000000e+00 2.966776574426682397e-02 1.059543479463463667e-02 1.902387420140117316e-03 1.616713787031680283e-02
2.260000000000000231e+00 3.082982813968531549e-02 1.101215014083882504e-02 1.969766564899155629e-03 1.674975137144026766e-02
2.270000000000000018e+00 3.260442061566039273e-02 1.159885293414697482e-02 2.052846288781581211e-03 1.759564821679822019e-02
2.280000000000000249e+00 3.450038386811863506e-02 1.217388256360896724e-02 2.124779108511730234e-03 1.842763084172262950e-02
2.290000000000000036e+00 3.604515984020716102e-02 1.261646684375999916e-02 2.177410695132726837e-03 1.902777260305594381e-02
2.300000000000000266e+00 3.729706385511139671e-02 1.295884180991332957e-02 2.230196348682497633e-03 1.950785945515105466e-02
2.310000000000000053e+00 3.830010404769353116e-02 1.317837287225852305e-02 2.283413780033821151e-03 1.989601376305233718e-02
2.319999999999999840e+00 4.025053805926851608e-02 1.353398357017286668e-02 2.383069719038943216e-03 2.063959701252056009e-02
2.330000000000000071e+00 4.331258117037931066e-02 1.401581301987262981e-02 2.528766176712188719e-03 2.169398334551868660e-02
2.339999999999999858e+00 4.612618017873129639e-02 1.432157485521072526e-02 2.664536021488093757e-03 2.252779429158040594e-02
2.350000000000000089e+00 4.741042363462470710e-02 1.416739200857798989e-02 2.729855434102455153e-03 2.266270513196121800e-02
2.359999999999999876e+00 4.665116620591453628e-02 1.347127677279579688e-02 2.692528605364863294e-03 2.194170617926276268e-02
2.370000000000000107e+00 4.399162211379208098e-02 1.232033474628969547e-02 2.550091585675211443e-03 2.044536232952274407e-02
2.379999999999999893e+00 3.998300670478301122e-02 1.089101217869660986e-02 2.326721419395588047e-03 1.841036256902443824e-02
2.390000000000000124e+00 3.499035752182054482e-02 9.290410996526075882e-03 2.044204666876033114e-03 1.597544897822471624e-02
2.399999999999999911e+00 2.895425185140786117e-02 7.502257285816877133e-03 1.706565149395089347e-03 1.311968166438980468e-02
2.410000000000000142e+00 2.271398116922334481e-02 5.780782052181123939e-03 1.368459107543483705e-03 1.024721288347777912e-02
2.419999999999999929e+00 1.753876991431498056e-02 4.426784322679264833e-03 1.090353187672374671e-03 7.920141975782543642e-03
2.430000000000000160e+00 1.506853270950822901e-02 3.789801805822391213e-03 9.240796216709572936e-04 6.694552570228350964e-03
2.439999999999999947e+00 1.631244377192105424e-02 4.110548919004415429e-03 9.121148286118504686e-04 6.968799557654692736e-03
2.450000000000000178e+00 2.017249459614555221e-02 5.115278407959790961e-03 1.017786936996907055e-03 8.301430995078759242e-03
2.459999999999999964e+00 2.465169287659346731e-02 6.358826506459174660e-03 1.179831343817533146e-03 1.001124938474197597e-02
2.470000000000000195e+00 2.890983062092043060e-02 7.692786142860652196e-03 1.397952972613787734e-03 1.191881348019547052e-02
2.479999999999999982e+00 3.269916263418388980e-02 9.020025705368693233e-03 1.653255147966116098e-03 1.388363293494867048e-02
2.490000000000000213e+00 3.683073075090047277e-02 1.039399029230755021e-02 1.923957743618449597e-03 1.589983105526936516e-02
2.500000000000000000e+00 4.092082929749572828e-02 1.178536577061837544e-02 2.222094518433058614e-03 1.772705073114824725e-02
2.510000000000000231e+00 4.410745619853731481e-02 1.295157636222924250e-02 2.500341008574434240e-03 1.904329521343891760e-02
2.520000000000000018e+00 4.569082403866069064e-02 1.367756515429274788e-02 2.693765230160516388e-03 1.963299186109764005e-02
2.530000000000000249e+00 4.548802284900921311e-02 1.387453105830056474e-02 2.768919628074947847e-03 1.945076571584034714e-02
2.540000000000000036e+00 4.382616806081774535e-02 1.355658322304046509e-02 2.721555664141771594e-03 1.856975592109459672e-02
2.550000000000000266e+00 4.139383074085500880e-02 1.285992697386424168e-02 2.565509674237118933e-03 1.721475767364931755e-02
2.560000000000000053e+00 3.785169600386426025e-02 1.173798506415285950e-02 2.303590235521880969e-03 1.539378967935066747e-02
2.569999999999999840e+00 3.298064191067291012e-02 1.017175814129805088e-02 1.965020391097913217e-03 1.317407677991993403e-02
2.580000000000000071e+00 2.813206519594625005e-02 8.640768657550099499e-03 1.604530191644947370e-03 1.099894825517289294e-02
2.589999999999999858e+00 2.380858973084418878e-02 7.349557633652603963e-03 1.313445406185008912e-03 9.295122875113415173e-03
2.600000000000000089e+00 2.036660368289525819e-02 6.295963425353139770e-03 1.093262921307009208e-03 8.094344415591621725e-03
2.609999999999999876e+00 1.870059688883228891e-02 5.659557401050173062e-03 9.632718559056158321e-04 7.508542807668550090e-03
2.620000000000000107e+00 1.817907730516151593e-02 5.440699932637712948e-03 9.530868675890916217e-04 7.393511235171628879e-03
2.629999999999999893e+00 1.862280191665478465e-02 5.600604232985525316e-03 1.056966830933954351e-03 7.724657860157859227e-03
2.640000000000000124e+00 2.033183049837200551e-02 6.187755558510411175e-03 1.226231066008710369e-03 8.521395534528625540e-03
2.649999999999999911e+00 2.275015667948163470e-02 7.044875345513746875e-03 1.428118864878539368e-03 9.539175287061165201e-03
2.660000000000000142e+00 2.501116696178026441e-02 7.869313688985741032e-03 1.611552045966095116e-03 1.044619258476441048e-02
2.669999999999999929e+00 2.629861940687122993e-02 8.416833958175965955e-03 1.735324872787008359e-03 1.097573128607276863e-02
2.680000000000000160e+00 2.683045320790639759e-02 8.677822803441136504e-03 1.795435840757587855e-03 1.116612071661229021e-02
2.689999999999999947e+00 2.790086474147687040e-02 8.973431646881455115e-03 1.827311338149887514e-03 1.139271629728989821e-02
2.700000000000000178e+00 2.942960902854838828e-02 9.320878739385017944e-03 1.806687682525796694e-03 1.158447330011933354e-02
2.709999999999999964e+00 3.021003394230749317e-02 9.401111111248895702e-03 1.737887233636274849e-03 1.157782637034750380e-02
2.720000000000000195e+00 3.011604262975181232e-02 9.167090757500537257e-03 1.612218747055456890e-03 1.134053913011392328e-02
2.729999999999999982e+00 2.965521640728658107e-02 8.813433539146361961e-03 1.470526070108737603e-03 1.108370669614468403e-02
2.740000000000000213e+00 2.936327940985466317e-02 8.542376265938237540e-03 1.361586544439047797e-03 1.101137561380438959e-02
2.750000000000000000e+00 2.990944819494108925e-02 8.571380469333013397e-03 1.332157437825562526e-03 1.127460255045631930e-02
2.760000000000000231e+00 3.172284230416015649e-02 8.982532373238386048e-03 1.367064345253213905e-03 1.190099259606412427e-02
2.770000000000000018e+00 3.404127544274158923e-02 9.567112191740253027e-03 1.446687402035170883e-03 1.261915179079246656e-02
2.780000000000000249e+00 3.601515139206233618e-02 1.007203204543967792e-02 1.528278896917277530e-03 1.315977035140181682e-02
2.790000000000000036e+00 3.767843863525494053e-02 1.047162441701837525e-02 1.613590810837733577e-03 1.351503102466347118e-02
2.800000000000000266e+00 3.931317776226569277e-02 1.079509887927191866e-02 1.684190144553174024e-03 1.374399439478152067e-02
2.810000000000000053e+00 4.102898182315011660e-02 1.109963495260238471e-02 1.729885577132010167e-03 1.391737653563469845e-02
2.819999999999999840e+00 4.140232881800822579e-02 1.104788843137084059e-02 1.692047406662680869e-03 1.365120355251697032e-02
2.830000000000000071e+00 4.035112647389285656e-02 1.065386102565528403e-02 1.565301465519841053e-03 1.295550707788226813e-02
2.839999999999999858e+00 3.793809697402248521e-02 9.959113586233414583e-03 1.363368664511501382e-03 1.189975603115655395e-02
2.850000000000000089e+00 3.443760936519536797e-02 9.029262681869499804e-03 1.118856569683824090e-03 1.059438702230458204e-02
2.859999999999999876e+00 3.031970670657631317e-02 7.990085401243341573e-03 8.705636336773881021e-04 9.209157084354258754e-03
2.870000000000000107e+00 2.612138793898763356e-02 6.986797811256634239e-03 6.508529946031767774e-04 7.915886796536160397e-03
2.879999999999999893e+00 2.229016974377586585e-02 6.123000689509718389e-03 4.823391679877692888e-04 6.820321559739890571e-03
2.890000000000000124e+00 1.945218727051022806e-02 5.574074502840275537e-03 3.846653535006070595e-04 6.188662774291597141e-03
2.899999999999999911e+00 1.745948471819361303e-02 5.243204092685145590e-03 3.541230560425109885e-04 5.862888178623496330e-03
2.910000000000000142e+00 1.630339820178259777e-02 5.105216321890532552e-03 3.872335676652078739e-04 5.812927247087315737e-03
2.919999999999999929e+00 1.546665620087142937e-02 5.050589975183180161e-03 4.411120163729317792e-04 5.891849434891930845e-03
2.930000000000000160e+00 -1.555289485193731350e-02 -2.071054396630658823e-02 -1.701413473069118831e-02 -1.764024834197604197e-02
2.939999999999999947e+00 1.163618374061509142e-03 -6.049292430211690441e-03 -6.976092059062299899e-03 -4.174725517809355080e-03
2.950000000000000178e+00 2.678927571356397308e-02 1.601419837074478936e-02 8.069384791648750652e-03 1.606655159967426694e-02
2.959999999999999964e+00 6.132407716657008873e-02 4.547992843656283035e-02 2.812229582144196507e-02 4.308358301047478245e-02
2.970000000000000195e+00 1.047680227330797659e-01 8.234789776724245336e-02 5.318264103031736245e-02 7.687636871459219146e-02
2.979999999999999982e+00 1.571211124130930670e-01 1.266181063627836445e-01 8.325042041827493411e-02 1.174449087120264246e-01
2.990000000000000213e+00 2.183833462066100406e-01 1.782905542231862928e-01 1.183256339853146211e-01 1.647892030027776067e-01
