0 3.524629e-05
1 3.044016e-05
2 2.597908e-05
3 2.189926e-05
4 1.822949e-05
5 1.497745e-05
6 1.214382e-05
7 9.711635e-06
8 7.656718e-06
9 5.947650e-06
10 4.548758e-06
11 3.422592e-06
12 2.531958e-06
13 1.840363e-06
14 1.312936e-06
15 9.181510e-07
16 6.284508e-07
17 4.198970e-07
18 2.718972e-07
19 1.694779e-07
20 3.070477e-05
21 2.630359e-05
22 2.229473e-05
23 1.870639e-05
24 1.555258e-05
25 1.281476e-05
26 1.046853e-05
27 8.478804e-06
28 6.804230e-06
29 5.405889e-06
30 4.246001e-06
31 3.292617e-06
32 2.517224e-06
33 1.893761e-06
34 1.398299e-06
35 1.010494e-06
36 7.127234e-07
37 4.893348e-07
38 3.246573e-07
39 2.059736e-07
40 3.102953e-05
41 2.653039e-05
42 2.249326e-05
43 1.893078e-05
44 1.583066e-05
45 1.316103e-05
46 1.087814e-05
47 8.931029e-06
48 7.275411e-06
49 5.870962e-06
50 4.682029e-06
51 3.681004e-06
52 2.845797e-06
53 2.161313e-06
54 1.607297e-06
55 1.165870e-06
56 8.222301e-07
57 5.619886e-07
58 3.711541e-07
59 2.341831e-07
60 3.509082e-05
61 3.000007e-05
62 2.545576e-05
63 2.145069e-05
64 1.796109e-05
65 1.494235e-05
66 1.234583e-05
67 1.012196e-05
68 8.221675e-06
69 6.602295e-06
70 5.229237e-06
71 4.078569e-06
72 3.126755e-06
73 2.348649e-06
74 1.725945e-06
75 1.237265e-06
76 8.623983e-07
77 5.829446e-07
78 3.797242e-07
79 2.346515e-07
80 4.552140e-05
81 3.797492e-05
82 3.137665e-05
83 2.573503e-05
84 2.100650e-05
85 1.709897e-05
86 1.389952e-05
87 1.128666e-05
88 9.147774e-06
89 7.388387e-06
90 5.930153e-06
91 4.715206e-06
92 3.701029e-06
93 2.856623e-06
94 2.159254e-06
95 1.591211e-06
96 1.137608e-06
97 7.846145e-07
98 5.197218e-07
99 3.288565e-07
100 5.661651e-05
101 4.688800e-05
102 3.853169e-05
103 3.150941e-05
104 2.571412e-05
105 2.099217e-05
106 1.716498e-05
107 1.405171e-05
108 1.149271e-05
109 9.369278e-06
110 7.585849e-06
111 6.073690e-06
112 4.788819e-06
113 3.703438e-06
114 2.795868e-06
115 2.051057e-06
116 1.455534e-06
117 9.932900e-07
118 6.484964e-07
119 4.033263e-07
120 5.955587e-05
121 4.943621e-05
122 4.075173e-05
123 3.345076e-05
124 2.741006e-05
125 2.245821e-05
126 1.841149e-05
127 1.509127e-05
128 1.234241e-05
129 1.004434e-05
130 8.104018e-06
131 6.457082e-06
132 5.061275e-06
133 3.887724e-06
134 2.913624e-06
135 2.121153e-06
136 1.492972e-06
137 1.010602e-06
138 6.547086e-07
139 4.027331e-07
140 7.822463e-05
141 6.415132e-05
142 5.230441e-05
143 4.254465e-05
144 3.464387e-05
145 2.830269e-05
146 2.321222e-05
147 1.909137e-05
148 1.570157e-05
149 1.286509e-05
150 1.045457e-05
151 8.385361e-06
152 6.610024e-06
153 5.097327e-06
154 3.825077e-06
155 2.779406e-06
156 1.945416e-06
157 1.304758e-06
158 8.357224e-07
159 5.069852e-07
160 8.237590e-05
161 6.772013e-05
162 5.542371e-05
163 4.529808e-05
164 3.706900e-05
165 3.042532e-05
166 2.505552e-05
167 2.066265e-05
168 1.700259e-05
169 1.391504e-05
170 1.127190e-05
171 8.999655e-06
172 7.055224e-06
173 5.406973e-06
174 4.026099e-06
175 2.898817e-06
176 2.011493e-06
177 1.336371e-06
178 8.479819e-07
179 5.079393e-07
180 9.130850e-05
181 7.518109e-05
182 6.171149e-05
183 5.064470e-05
184 4.164465e-05
185 3.433440e-05
186 2.835911e-05
187 2.341550e-05
188 1.925915e-05
189 1.571707e-05
190 1.267201e-05
191 1.005070e-05
192 7.807542e-06
193 5.913137e-06
194 4.347509e-06
195 3.088857e-06
196 2.111148e-06
197 1.382617e-06
198 8.641191e-07
199 5.020207e-07
200 3.776540e-06
201 3.780151e-06
202 3.736580e-06
203 3.643737e-06
204 3.503726e-06
205 3.317837e-06
206 3.095343e-06
207 2.843073e-06
208 2.572057e-06
209 2.293169e-06
210 2.016286e-06
211 1.749627e-06
212 1.499225e-06
213 1.268958e-06
214 1.060806e-06
215 8.758875e-07
216 7.144870e-07
217 5.754455e-07
218 4.572720e-07
219 3.592077e-07
220 4.654421e-06
221 4.697676e-06
222 4.662209e-06
223 4.542704e-06
224 4.344074e-06
225 4.072926e-06
226 3.750801e-06
227 3.397225e-06
228 3.030409e-06
229 2.669240e-06
230 2.325789e-06
231 2.009622e-06
232 1.723908e-06
233 1.468965e-06
234 1.243134e-06
235 1.044760e-06
236 8.716377e-07
237 7.208783e-07
238 5.890529e-07
239 4.756015e-07
240 5.901996e-06
241 5.923958e-06
242 5.829351e-06
243 5.621638e-06
244 5.314275e-06
245 4.929255e-06
246 4.493187e-06
247 4.032940e-06
248 3.575825e-06
249 3.139185e-06
250 2.734992e-06
251 2.369478e-06
252 2.044440e-06
253 1.758648e-06
254 1.502988e-06
255 1.275702e-06
256 1.074354e-06
257 8.959338e-07
258 7.381219e-07
259 5.983648e-07
260 7.142707e-06
261 7.031110e-06
262 6.797534e-06
263 6.454295e-06
264 6.023708e-06
265 5.530299e-06
266 5.004766e-06
267 4.473985e-06
268 3.957757e-06
269 3.472795e-06
270 3.029240e-06
271 2.632464e-06
272 2.277107e-06
273 1.959288e-06
274 1.675591e-06
275 1.421321e-06
276 1.193605e-06
277 9.906667e-07
278 8.101618e-07
279 6.517798e-07
280 1.040600e-05
281 1.029241e-05
282 9.981014e-06
283 9.474248e-06
284 8.795067e-06
285 7.982217e-06
286 7.091563e-06
287 6.179761e-06
288 5.298094e-06
289 4.486289e-06
290 3.766310e-06
291 3.147674e-06
292 2.628106e-06
293 2.197728e-06
294 1.842476e-06
295 1.547875e-06
296 1.300992e-06
297 1.090706e-06
298 9.090083e-07
299 7.493942e-07
300 1.517903e-05
301 1.486478e-05
302 1.425173e-05
303 1.335781e-05
304 1.223533e-05
305 1.095788e-05
306 9.608045e-06
307 8.267138e-06
308 7.004803e-06
309 5.875549e-06
310 4.897659e-06
311 4.075229e-06
312 3.398305e-06
313 2.847863e-06
314 2.397813e-06
315 2.026635e-06
316 1.714844e-06
317 1.445621e-06
318 1.209631e-06
319 9.991365e-07
320 1.626419e-05
321 1.586106e-05
322 1.514514e-05
323 1.414461e-05
324 1.291630e-05
325 1.153892e-05
326 1.010536e-05
327 8.698773e-06
328 7.386284e-06
329 6.214221e-06
330 5.201701e-06
331 4.349690e-06
332 3.645809e-06
333 3.068080e-06
334 2.590679e-06
335 2.191728e-06
336 1.852182e-06
337 1.557423e-06
338 1.297359e-06
339 1.065022e-06
340 2.423263e-05
341 2.339218e-05
342 2.208539e-05
343 2.036904e-05
344 1.834941e-05
345 1.615067e-05
346 1.391899e-05
347 1.178266e-05
348 9.837416e-06
349 8.143502e-06
350 6.720033e-06
351 5.555844e-06
352 4.622610e-06
353 3.877335e-06
354 3.276265e-06
355 2.783896e-06
356 2.369236e-06
357 2.008805e-06
358 1.687310e-06
359 1.392982e-06
360 2.629610e-05
361 2.527153e-05
362 2.374385e-05
363 2.178886e-05
364 1.953687e-05
365 1.714157e-05
366 1.475083e-05
367 1.248361e-05
368 1.043522e-05
369 8.670141e-06
370 7.190148e-06
371 5.982478e-06
372 5.010194e-06
373 4.225051e-06
374 3.580957e-06
375 3.047855e-06
376 2.594579e-06
377 2.193957e-06
378 1.835082e-06
379 1.505486e-06
380 3.071643e-05
381 2.919890e-05
382 2.714984e-05
383 2.468486e-05
384 2.195744e-05
385 1.913371e-05
386 1.638157e-05
387 1.383354e-05
388 1.157083e-05
389 9.637702e-06
390 8.032212e-06
391 6.723392e-06
392 5.664321e-06
393 4.804678e-06
394 4.095455e-06
395 3.494730e-06
396 2.971519e-06
397 2.504517e-06
398 2.079690e-06
399 1.689205e-06
400 4.815292e-04
401 4.623438e-04
402 4.325779e-04
403 3.945624e-04
404 3.516332e-04
405 3.075372e-04
406 2.655486e-04
407 2.278762e-04
408 1.953824e-04
409 1.678401e-04
410 1.444386e-04
411 1.242179e-04
412 1.063437e-04
413 9.027778e-05
414 7.575947e-05
415 6.266679e-05
416 5.099011e-05
417 4.074869e-05
418 3.190422e-05
419 2.439871e-05
420 1.265323e-03
421 1.171369e-03
422 1.055341e-03
423 9.246627e-04
424 7.887280e-04
425 6.573359e-04
426 5.385370e-04
427 4.373872e-04
428 3.553640e-04
429 2.911236e-04
430 2.417450e-04
431 2.037549e-04
432 1.738199e-04
433 1.492817e-04
434 1.282599e-04
435 1.094532e-04
436 9.218652e-05
437 7.623665e-05
438 6.156181e-05
439 4.829270e-05
440 1.791801e-03
441 1.647588e-03
442 1.473617e-03
443 1.280899e-03
444 1.083021e-03
445 8.938652e-04
446 7.245661e-04
447 5.818739e-04
448 4.675085e-04
449 3.792562e-04
450 3.126790e-04
451 2.626388e-04
452 2.241735e-04
453 1.932922e-04
454 1.671283e-04
455 1.436843e-04
456 1.219159e-04
457 1.014886e-04
458 8.238347e-05
459 6.485923e-05
460 1.806697e-03
461 1.662044e-03
462 1.487293e-03
463 1.293590e-03
464 1.094672e-03
465 9.045448e-04
466 7.343981e-04
467 5.909722e-04
468 4.759341e-04
469 3.870105e-04
470 3.197219e-04
471 2.689145e-04
472 2.296350e-04
473 1.979207e-04
474 1.709423e-04
475 1.467366e-04
476 1.242883e-04
477 1.032794e-04
478 8.369660e-05
479 6.579203e-05
480 2.792530e-04
481 2.512876e-04
482 2.213212e-04
483 1.920349e-04
484 1.654649e-04
485 1.426354e-04
486 1.235655e-04
487 1.076986e-04
488 9.424465e-05
489 8.244276e-05
490 7.173734e-05
491 6.180901e-05
492 5.251701e-05
493 4.387201e-05
494 3.594681e-05
495 2.883581e-05
496 2.261913e-05
497 1.725738e-05
498 1.278361e-05
499 9.030332e-06
500 8.172758e-04
501 7.152429e-04
502 6.097893e-04
503 5.090112e-04
504 4.192021e-04
505 3.437796e-04
506 2.831444e-04
507 2.358013e-04
508 1.992262e-04
509 1.706456e-04
510 1.476113e-04
511 1.282089e-04
512 1.110324e-04
513 9.526068e-05
514 8.050450e-05
515 6.667491e-05
516 5.390401e-05
517 4.226072e-05
518 3.202931e-05
519 2.308045e-05
520 1.425896e-03
521 1.236616e-03
522 1.043331e-03
523 8.602983e-04
524 6.984804e-04
525 5.637594e-04
526 4.567285e-04
527 3.746546e-04
528 3.129172e-04
529 2.663572e-04
530 2.303066e-04
531 2.009921e-04
532 1.755461e-04
533 1.522001e-04
534 1.300512e-04
535 1.088317e-04
536 8.877554e-05
537 7.010013e-05
538 5.340761e-05
539 3.861013e-05
540 1.553339e-03
541 1.347207e-03
542 1.136906e-03
543 9.379598e-04
544 7.622312e-04
545 6.160147e-04
546 4.998572e-04
547 4.107231e-04
548 3.435585e-04
549 2.927532e-04
550 2.532544e-04
551 2.209972e-04
552 1.929061e-04
553 1.670976e-04
554 1.426188e-04
555 1.192020e-04
556 9.711938e-05
557 7.659644e-05
558 5.829132e-05
559 4.207859e-05
560 2.026541e-04
561 1.738313e-04
562 1.470756e-04
563 1.237860e-04
564 1.044564e-04
565 8.888748e-05
566 7.645134e-05
567 6.641594e-05
568 5.807030e-05
569 5.082196e-05
570 4.427347e-05
571 3.819775e-05
572 3.248218e-05
573 2.711940e-05
574 2.215086e-05
575 1.763933e-05
576 1.363196e-05
577 1.018000e-05
578 7.213831e-06
579 4.957214e-06
580 3.549394e-04
581 3.059571e-04
582 2.599306e-04
583 2.194425e-04
584 1.855183e-04
585 1.579430e-04
586 1.357292e-04
587 1.176819e-04
588 1.026142e-04
589 8.952999e-05
590 7.776173e-05
591 6.691985e-05
592 5.680216e-05
593 4.737969e-05
594 3.870590e-05
595 3.085884e-05
596 2.389009e-05
597 1.790267e-05
598 1.274328e-05
599 8.723747e-06
600 8.129562e-04
601 6.854788e-04
602 5.675215e-04
603 4.652220e-04
604 3.810444e-04
605 3.145115e-04
606 2.631803e-04
607 2.239671e-04
608 1.936100e-04
609 1.691639e-04
610 1.484000e-04
611 1.297767e-04
612 1.123062e-04
613 9.558302e-05
614 7.958392e-05
615 6.451147e-05
616 5.063193e-05
617 3.832042e-05
618 2.748488e-05
619 1.899911e-05
620 1.081543e-03
621 9.083381e-04
622 7.488796e-04
623 6.111882e-04
624 4.983817e-04
625 4.097067e-04
626 3.417615e-04
627 2.903283e-04
628 2.509331e-04
629 2.195300e-04
630 1.930367e-04
631 1.693056e-04
632 1.469552e-04
633 1.254120e-04
634 1.046385e-04
635 8.493961e-05
636 6.672643e-05
637 5.048888e-05
638 3.618233e-05
639 2.508328e-05
640 1.662838e-04
641 1.385466e-04
642 1.146581e-04
643 9.506429e-05
644 7.955830e-05
645 6.755978e-05
646 5.827707e-05
647 5.096202e-05
648 4.494559e-05
649 3.969842e-05
650 3.488066e-05
651 3.029870e-05
652 2.585817e-05
653 2.156291e-05
654 1.751428e-05
655 1.379780e-05
656 1.045904e-05
657 7.584760e-06
658 5.170778e-06
659 3.898366e-06
660 1.372581e-04
661 1.199549e-04
662 1.047517e-04
663 9.189678e-05
664 8.116931e-05
665 7.211876e-05
666 6.421806e-05
667 5.704308e-05
668 5.029744e-05
669 4.382273e-05
670 3.760451e-05
671 3.170245e-05
672 2.619154e-05
673 2.115606e-05
674 1.669749e-05
675 1.283134e-05
676 9.537943e-06
677 6.819149e-06
678 4.570425e-06
679 3.433188e-06
680 3.265228e-04
681 2.772135e-04
682 2.341921e-04
683 1.983669e-04
684 1.693989e-04
685 1.462553e-04
686 1.275509e-04
687 1.120156e-04
688 9.856969e-05
689 8.641482e-05
690 7.509828e-05
691 6.440337e-05
692 5.425088e-05
693 4.470948e-05
694 3.597481e-05
695 2.811962e-05
696 2.122143e-05
697 1.536347e-05
698 1.041657e-05
699 7.805437e-06
700 6.850880e-04
701 5.684180e-04
702 4.678105e-04
703 3.852904e-04
704 3.201327e-04
705 2.700066e-04
706 2.316418e-04
707 2.018896e-04
708 1.778813e-04
709 1.572991e-04
710 1.386014e-04
711 1.208619e-04
712 1.035951e-04
713 8.677331e-05
714 7.079023e-05
715 5.597554e-05
716 4.258617e-05
717 3.098484e-05
718 2.117114e-05
719 1.592845e-05
720 1.430278e-04
721 1.180323e-04
722 9.731636e-05
723 8.084210e-05
724 6.812283e-05
725 5.845034e-05
726 5.101331e-05
727 4.511702e-05
728 4.017026e-05
729 3.572140e-05
730 3.148617e-05
731 2.731452e-05
732 2.319949e-05
733 1.923642e-05
734 1.544534e-05
735 1.196533e-05
736 8.927663e-06
737 6.212516e-06
738 4.420910e-06
739 3.304500e-06
740 9.909637e-05
741 8.418430e-05
742 7.170335e-05
743 6.158528e-05
744 5.349513e-05
745 4.698381e-05
746 4.157230e-05
747 3.688484e-05
748 3.263535e-05
749 2.863477e-05
750 2.479282e-05
751 2.108647e-05
752 1.756480e-05
753 1.431034e-05
754 1.131427e-05
755 8.660055e-06
756 6.403801e-06
757 4.422826e-06
758 3.121324e-06
759 2.343121e-06
760 8.983394e-05
761 8.260771e-05
762 7.610484e-05
763 7.019507e-05
764 6.461576e-05
765 5.909039e-05
766 5.341731e-05
767 4.754006e-05
768 4.152511e-05
769 3.552445e-05
770 2.972828e-05
771 2.431762e-05
772 1.946506e-05
773 1.527502e-05
774 1.167526e-05
775 8.702974e-06
776 6.310142e-06
777 4.293714e-06
778 2.952152e-06
779 2.252435e-06
780 4.287209e-04
781 3.567142e-04
782 2.967787e-04
783 2.488018e-04
784 2.113826e-04
785 1.824783e-04
786 1.597711e-04
787 1.413189e-04
788 1.254955e-04
789 1.110911e-04
790 9.737419e-05
791 8.398522e-05
792 7.095738e-05
793 5.857079e-05
794 4.684733e-05
795 3.620762e-05
796 2.697163e-05
797 1.876367e-05
798 1.328729e-05
799 9.970161e-06
800 3.067914e-01
801 2.473637e-01
802 1.976528e-01
803 1.576500e-01
804 1.265313e-01
805 1.028462e-01
806 8.486409e-02
807 7.091563e-02
808 5.966723e-02
809 5.018181e-02
810 4.187936e-02
811 3.445319e-02
812 2.777985e-02
813 2.184019e-02
814 1.665900e-02
815 1.226441e-02
816 8.663552e-03
817 5.830565e-03
818 3.704967e-03
819 2.200395e-03
820 2.461902e-01
821 1.983720e-01
822 1.612055e-01
823 1.327848e-01
824 1.109309e-01
825 9.366533e-02
826 7.947285e-02
827 6.729093e-02
828 5.647543e-02
829 4.669292e-02
830 3.782459e-02
831 2.987460e-02
832 2.289696e-02
833 1.694654e-02
834 1.204668e-02
835 8.173813e-03
836 5.255234e-03
837 3.177396e-03
838 1.805047e-03
839 1.035190e-03
840 1.810513e-01
841 1.489161e-01
842 1.240969e-01
843 1.046793e-01
844 8.901210e-02
845 7.585617e-02
846 6.438127e-02
847 5.407096e-02
848 4.468201e-02
849 3.614381e-02
850 2.848353e-02
851 2.176601e-02
852 1.604960e-02
853 1.135898e-02
854 7.669822e-03
855 4.907134e-03
856 2.954406e-03
857 1.672461e-03
858 9.537016e-04
859 6.239338e-04
860 1.661615e-01
861 1.396786e-01
862 1.186615e-01
863 1.014747e-01
864 8.686965e-02
865 7.399490e-02
866 6.235815e-02
867 5.170627e-02
868 4.197942e-02
869 3.321708e-02
870 2.549963e-02
871 1.890214e-02
872 1.346131e-02
873 9.159096e-03
874 5.917834e-03
875 3.609010e-03
876 2.073891e-03
877 1.166651e-03
878 8.012403e-04
879 1.242223e-04
880 2.079910e-01
881 1.772145e-01
882 1.520539e-01
883 1.307454e-01
884 1.120205e-01
885 9.509229e-02
886 7.957828e-02
887 6.532804e-02
888 5.237684e-02
889 4.083516e-02
890 3.082524e-02
891 2.243043e-02
892 1.566130e-02
893 1.044469e-02
894 6.626218e-03
895 3.993487e-03
896 2.312014e-03
897 1.480943e-03
898 7.890758e-04
899 -3.894052e-05
