0 3.628154e-05
1 3.123345e-05
2 2.658705e-05
3 2.237204e-05
4 1.860645e-05
5 1.529219e-05
6 1.241770e-05
7 9.958995e-06
8 7.882633e-06
9 6.154140e-06
10 4.736976e-06
11 3.590140e-06
12 2.677487e-06
13 1.962933e-06
14 1.413062e-06
15 9.973761e-07
16 6.891387e-07
17 4.644782e-07
18 3.032156e-07
19 1.903837e-07
20 3.439926e-05
21 2.931418e-05
22 2.472021e-05
23 2.064274e-05
24 1.708470e-05
25 1.402553e-05
26 1.143034e-05
27 9.245767e-06
28 7.419907e-06
29 5.902063e-06
30 4.646547e-06
31 3.612836e-06
32 2.769872e-06
33 2.090315e-06
34 1.548394e-06
35 1.124168e-06
36 7.957191e-07
37 5.467168e-07
38 3.629206e-07
39 2.305743e-07
40 3.671165e-05
41 3.114465e-05
42 2.620649e-05
43 2.189966e-05
44 1.819603e-05
45 1.504300e-05
46 1.238061e-05
47 1.013467e-05
48 8.243018e-06
49 6.648047e-06
50 5.304617e-06
51 4.176283e-06
52 3.235192e-06
53 2.459638e-06
54 1.831462e-06
55 1.329528e-06
56 9.383413e-07
57 6.406372e-07
58 4.219208e-07
59 2.647622e-07
60 4.128635e-05
61 3.502864e-05
62 2.950771e-05
63 2.470510e-05
64 2.056769e-05
65 1.703396e-05
66 1.403213e-05
67 1.148439e-05
68 9.319212e-06
69 7.485306e-06
70 5.937226e-06
71 4.635955e-06
72 3.558244e-06
73 2.676375e-06
74 1.967881e-06
75 1.410828e-06
76 9.826173e-07
77 6.635324e-07
78 4.312164e-07
79 2.650842e-07
80 4.705932e-05
81 3.925052e-05
82 3.240605e-05
83 2.654408e-05
84 2.162420e-05
85 1.755969e-05
86 1.423682e-05
87 1.153101e-05
88 9.324425e-06
89 7.515555e-06
90 6.022325e-06
91 4.783041e-06
92 3.751819e-06
93 2.895553e-06
94 2.190114e-06
95 1.616065e-06
96 1.157939e-06
97 8.006928e-07
98 5.313962e-07
99 3.363558e-07
100 5.822916e-05
101 4.819845e-05
102 3.956303e-05
103 3.229841e-05
104 2.630324e-05
105 2.141984e-05
106 1.746669e-05
107 1.426048e-05
108 1.163886e-05
109 9.470356e-06
110 7.654679e-06
111 6.121978e-06
112 4.824697e-06
113 3.730521e-06
114 2.817573e-06
115 2.068770e-06
116 1.469917e-06
117 1.004455e-06
118 6.575646e-07
119 4.095338e-07
120 6.156266e-05
121 5.105369e-05
122 4.202051e-05
123 3.442213e-05
124 2.814407e-05
125 2.300600e-05
126 1.880850e-05
127 1.537916e-05
128 1.254991e-05
129 1.019241e-05
130 8.208196e-06
131 6.531946e-06
132 5.117191e-06
133 3.930687e-06
134 2.948929e-06
135 2.148348e-06
136 1.512156e-06
137 1.024651e-06
138 6.649193e-07
139 4.091553e-07
140 7.956788e-05
141 6.519008e-05
142 5.306756e-05
143 4.307729e-05
144 3.498987e-05
145 2.850875e-05
146 2.332426e-05
147 1.914357e-05
148 1.572118e-05
149 1.286841e-05
150 1.044960e-05
151 8.379065e-06
152 6.605379e-06
153 5.094502e-06
154 3.822949e-06
155 2.780151e-06
156 1.946774e-06
157 1.307208e-06
158 8.384405e-07
159 5.100038e-07
160 8.422709e-05
161 6.913250e-05
162 5.644630e-05
163 4.600394e-05
164 3.754375e-05
165 3.073217e-05
166 2.523335e-05
167 2.075862e-05
168 1.705510e-05
169 1.393968e-05
170 1.128895e-05
171 9.018075e-06
172 7.070463e-06
173 5.414947e-06
174 4.034093e-06
175 2.908080e-06
176 2.019433e-06
177 1.342684e-06
178 8.538494e-07
179 5.123465e-07
180 9.320544e-05
181 7.662462e-05
182 6.276807e-05
183 5.138788e-05
184 4.214405e-05
185 3.465499e-05
186 2.856046e-05
187 2.353831e-05
188 1.933498e-05
189 1.576609e-05
190 1.270474e-05
191 1.007420e-05
192 7.826424e-06
193 5.930955e-06
194 4.364927e-06
195 3.104900e-06
196 2.125412e-06
197 1.394116e-06
198 8.731606e-07
199 5.083262e-07
200 4.645095e-06
201 4.614827e-06
202 4.524276e-06
203 4.372827e-06
204 4.166497e-06
205 3.911838e-06
206 3.618419e-06
207 3.297603e-06
208 2.962644e-06
209 2.627915e-06
210 2.303189e-06
211 1.995024e-06
212 1.709986e-06
213 1.449802e-06
214 1.216372e-06
215 1.009515e-06
216 8.285211e-07
217 6.717389e-07
218 5.377090e-07
219 4.253844e-07
220 5.807341e-06
221 5.827142e-06
222 5.743355e-06
223 5.554597e-06
224 5.270282e-06
225 4.906950e-06
226 4.486779e-06
227 4.030717e-06
228 3.566582e-06
229 3.115174e-06
230 2.692402e-06
231 2.307833e-06
232 1.967061e-06
233 1.668026e-06
234 1.407016e-06
235 1.180610e-06
236 9.824060e-07
237 8.116855e-07
238 6.638801e-07
239 5.371577e-07
240 7.683529e-06
241 7.655178e-06
242 7.476372e-06
243 7.149987e-06
244 6.698101e-06
245 6.153378e-06
246 5.554642e-06
247 4.933904e-06
248 4.327105e-06
249 3.756316e-06
250 3.237654e-06
251 2.776989e-06
252 2.374446e-06
253 2.025465e-06
254 1.722576e-06
255 1.456832e-06
256 1.224322e-06
257 1.019855e-06
258 8.402604e-07
259 6.816273e-07
260 9.296270e-06
261 9.089347e-06
262 8.725675e-06
263 8.220417e-06
264 7.602408e-06
265 6.915240e-06
266 6.196172e-06
267 5.478056e-06
268 4.790866e-06
269 4.160738e-06
270 3.593017e-06
271 3.091682e-06
272 2.654125e-06
273 2.270296e-06
274 1.933597e-06
275 1.635963e-06
276 1.372007e-06
277 1.138502e-06
278 9.309741e-07
279 7.489018e-07
280 1.063266e-05
281 1.054594e-05
282 1.025582e-05
283 9.763285e-06
284 9.088287e-06
285 8.270852e-06
286 7.365519e-06
287 6.430167e-06
288 5.518627e-06
289 4.673277e-06
290 3.920439e-06
291 3.271719e-06
292 2.725793e-06
293 2.272980e-06
294 1.899729e-06
295 1.590784e-06
296 1.332671e-06
297 1.113816e-06
298 9.258673e-07
299 7.623104e-07
300 1.539668e-05
301 1.512421e-05
302 1.454823e-05
303 1.368121e-05
304 1.256911e-05
305 1.128317e-05
306 9.911656e-06
307 8.540512e-06
308 7.243393e-06
309 6.072918e-06
310 5.056345e-06
311 4.200473e-06
312 3.495125e-06
313 2.919512e-06
314 2.450577e-06
315 2.064544e-06
316 1.741335e-06
317 1.464385e-06
318 1.223242e-06
319 1.008668e-06
320 1.667030e-05
321 1.629076e-05
322 1.559327e-05
323 1.459980e-05
324 1.336468e-05
325 1.195936e-05
326 1.048161e-05
327 9.031644e-06
328 7.668306e-06
329 6.447370e-06
330 5.389778e-06
331 4.500057e-06
332 3.763637e-06
333 3.157627e-06
334 2.657974e-06
335 2.239904e-06
336 1.886919e-06
337 1.584140e-06
338 1.317526e-06
339 1.080303e-06
340 2.439391e-05
341 2.362403e-05
342 2.237828e-05
343 2.070341e-05
344 1.869821e-05
345 1.649426e-05
346 1.423919e-05
347 1.206459e-05
348 1.007348e-05
349 8.330924e-06
350 6.861387e-06
351 5.659630e-06
352 4.696112e-06
353 3.926006e-06
354 3.307753e-06
355 2.804747e-06
356 2.381259e-06
357 2.015748e-06
358 1.690891e-06
359 1.395188e-06
360 2.663692e-05
361 2.567595e-05
362 2.420212e-05
363 2.228327e-05
364 2.003954e-05
365 1.761235e-05
366 1.516425e-05
367 1.284052e-05
368 1.073118e-05
369 8.901022e-06
370 7.367517e-06
371 6.110632e-06
372 5.095454e-06
373 4.279615e-06
374 3.620960e-06
375 3.074863e-06
376 2.610893e-06
377 2.204549e-06
378 1.842314e-06
379 1.510289e-06
380 3.117123e-05
381 2.971026e-05
382 2.769748e-05
383 2.524078e-05
384 2.249309e-05
385 1.962849e-05
386 1.682006e-05
387 1.420299e-05
388 1.187107e-05
389 9.871589e-06
390 8.206790e-06
391 6.850502e-06
392 5.755558e-06
393 4.867989e-06
394 4.138163e-06
395 3.522641e-06
396 2.989365e-06
397 2.516079e-06
398 2.087762e-06
399 1.695217e-06
400 7.340549e-04
401 7.010089e-04
402 6.521883e-04
403 5.910080e-04
404 5.224605e-04
405 4.522946e-04
406 3.857321e-04
407 3.264221e-04
408 2.759338e-04
409 2.340305e-04
410 1.994089e-04
411 1.703941e-04
412 1.454952e-04
413 1.236263e-04
414 1.040995e-04
415 8.660058e-05
416 7.095277e-05
417 5.711893e-05
418 4.504622e-05
419 3.467974e-05
420 1.572403e-03
421 1.461295e-03
422 1.321699e-03
423 1.162158e-03
424 9.939797e-04
425 8.294764e-04
426 6.792600e-04
427 5.504003e-04
428 4.454686e-04
429 3.632277e-04
430 3.001729e-04
431 2.518737e-04
432 2.141286e-04
433 1.834937e-04
434 1.574092e-04
435 1.343009e-04
436 1.131848e-04
437 9.371492e-05
438 7.581396e-05
439 5.961593e-05
440 2.200845e-03
441 2.031772e-03
442 1.824597e-03
443 1.591893e-03
444 1.349857e-03
445 1.115774e-03
446 9.042199e-04
447 7.246137e-04
448 5.800163e-04
449 4.682651e-04
450 3.841129e-04
451 3.210750e-04
452 2.729997e-04
453 2.348014e-04
454 2.026580e-04
455 1.741820e-04
456 1.478889e-04
457 1.232699e-04
458 1.002596e-04
459 7.913422e-05
460 2.222794e-03
461 2.053009e-03
462 1.844598e-03
463 1.610313e-03
464 1.366559e-03
465 1.130813e-03
466 9.177729e-04
467 7.368822e-04
468 5.911566e-04
469 4.783606e-04
470 3.931850e-04
471 3.291088e-04
472 2.799765e-04
473 2.407223e-04
474 2.075567e-04
475 1.781294e-04
476 1.509841e-04
477 1.256302e-04
478 1.020116e-04
479 8.039826e-05
480 4.254299e-04
481 3.814393e-04
482 3.337984e-04
483 2.867488e-04
484 2.437367e-04
485 2.067354e-04
486 1.760988e-04
487 1.511446e-04
488 1.306380e-04
489 1.133254e-04
490 9.819402e-05
491 8.453577e-05
492 7.198769e-05
493 6.042171e-05
494 4.983284e-05
495 4.028302e-05
496 3.181182e-05
497 2.447340e-05
498 1.823556e-05
499 1.298261e-05
500 9.509463e-04
501 8.358179e-04
502 7.147940e-04
503 5.974333e-04
504 4.916361e-04
505 4.021209e-04
506 3.299348e-04
507 2.735629e-04
508 2.301085e-04
509 1.963080e-04
510 1.692520e-04
511 1.465756e-04
512 1.266671e-04
513 1.085360e-04
514 9.167331e-05
515 7.594607e-05
516 6.138481e-05
517 4.820864e-05
518 3.655497e-05
519 2.641735e-05
520 1.660494e-03
521 1.445270e-03
522 1.222349e-03
523 1.008570e-03
524 8.175112e-04
525 6.574037e-04
526 5.298793e-04
527 4.321065e-04
528 3.587830e-04
529 3.038330e-04
530 2.617028e-04
531 2.277291e-04
532 1.985858e-04
533 1.721186e-04
534 1.471467e-04
535 1.233138e-04
536 1.006773e-04
537 7.971023e-05
538 6.080488e-05
539 4.412159e-05
540 1.806396e-03
541 1.572439e-03
542 1.330171e-03
543 1.098009e-03
544 8.908785e-04
545 7.174518e-04
546 5.792758e-04
547 4.731854e-04
548 3.935229e-04
549 3.336268e-04
550 2.875135e-04
551 2.501617e-04
552 2.180098e-04
553 1.887621e-04
554 1.611799e-04
555 1.349043e-04
556 1.099994e-04
557 8.698950e-05
558 6.628194e-05
559 4.802512e-05
560 2.923982e-04
561 2.492365e-04
562 2.088286e-04
563 1.735543e-04
564 1.443920e-04
565 1.211143e-04
566 1.027976e-04
567 8.840536e-05
568 7.677144e-05
569 6.700464e-05
570 5.844545e-05
571 5.054512e-05
572 4.315444e-05
573 3.620825e-05
574 2.970947e-05
575 2.375541e-05
576 1.843032e-05
577 1.378577e-05
578 9.787098e-06
579 6.625703e-06
580 3.934997e-04
581 3.388028e-04
582 2.868847e-04
583 2.409778e-04
584 2.025467e-04
585 1.715233e-04
586 1.467793e-04
587 1.268719e-04
588 1.104072e-04
589 9.622823e-05
590 8.359259e-05
591 7.197246e-05
592 6.108853e-05
593 5.097739e-05
594 4.160711e-05
595 3.312771e-05
596 2.560196e-05
597 1.911863e-05
598 1.359748e-05
599 9.125850e-06
600 8.953604e-04
601 7.551185e-04
602 6.239577e-04
603 5.094405e-04
604 4.149677e-04
605 3.403931e-04
606 2.831348e-04
607 2.396891e-04
608 2.063601e-04
609 1.798228e-04
610 1.575758e-04
611 1.377894e-04
612 1.193584e-04
613 1.016738e-04
614 8.466193e-05
615 6.858511e-05
616 5.387183e-05
617 4.071728e-05
618 2.923441e-05
619 1.993313e-05
620 1.187138e-03
621 9.975890e-04
622 8.211277e-04
623 6.676481e-04
624 5.414906e-04
625 4.423389e-04
626 3.666684e-04
627 3.097391e-04
628 2.665315e-04
629 2.324910e-04
630 2.041402e-04
631 1.789193e-04
632 1.553467e-04
633 1.326910e-04
634 1.108132e-04
635 9.004428e-05
636 7.082126e-05
637 5.361019e-05
638 3.847825e-05
639 2.632263e-05
640 2.758998e-04
641 2.309407e-04
642 1.915892e-04
643 1.588438e-04
644 1.325650e-04
645 1.120171e-04
646 9.603469e-05
647 8.344815e-05
648 7.319177e-05
649 6.439654e-05
650 5.647646e-05
651 4.904309e-05
652 4.193209e-05
653 3.511213e-05
654 2.867240e-05
655 2.273363e-05
656 1.743028e-05
657 1.278343e-05
658 8.830207e-06
659 6.703214e-06
660 2.229333e-04
661 1.940976e-04
662 1.679843e-04
663 1.453461e-04
664 1.261669e-04
665 1.100152e-04
666 9.625198e-05
667 8.426558e-05
668 7.355851e-05
669 6.377546e-05
670 5.473157e-05
671 4.634232e-05
672 3.863539e-05
673 3.161242e-05
674 2.532654e-05
675 1.980250e-05
676 1.506574e-05
677 1.104651e-05
678 7.651574e-06
679 5.810980e-06
680 4.591588e-04
681 3.913383e-04
682 3.307003e-04
683 2.790845e-04
684 2.365500e-04
685 2.021269e-04
686 1.742579e-04
687 1.513533e-04
688 1.319840e-04
689 1.149836e-04
690 9.958351e-05
691 8.532989e-05
692 7.205130e-05
693 5.971166e-05
694 4.839844e-05
695 3.818840e-05
696 2.923880e-05
697 2.149712e-05
698 1.484821e-05
699 1.120308e-05
700 8.763905e-04
701 7.302990e-04
702 6.021945e-04
703 4.955806e-04
704 4.102626e-04
705 3.438833e-04
706 2.927602e-04
707 2.530864e-04
708 2.213400e-04
709 1.945935e-04
710 1.708270e-04
711 1.486630e-04
712 1.274632e-04
713 1.070530e-04
714 8.766107e-05
715 6.964601e-05
716 5.347288e-05
717 3.923856e-05
718 2.703281e-05
719 2.044104e-05
720 2.276767e-04
721 1.905187e-04
722 1.589059e-04
723 1.330586e-04
724 1.124834e-04
725 9.635179e-05
726 8.363373e-05
727 7.338299e-05
728 6.478121e-05
729 5.718109e-05
730 5.016048e-05
731 4.344249e-05
732 3.695165e-05
733 3.074732e-05
734 2.489591e-05
735 1.955981e-05
736 1.482223e-05
737 1.065625e-05
738 7.691329e-06
739 5.847695e-06
740 1.760319e-04
741 1.526031e-04
742 1.315931e-04
743 1.133109e-04
744 9.767589e-05
745 8.441765e-05
746 7.314023e-05
747 6.346222e-05
748 5.502507e-05
749 4.753618e-05
750 4.079590e-05
751 3.465069e-05
752 2.903184e-05
753 2.393352e-05
754 1.932819e-05
755 1.525962e-05
756 1.171393e-05
757 8.627114e-06
758 6.356583e-06
759 4.883013e-06
760 1.994423e-04
761 1.794612e-04
762 1.601928e-04
763 1.421128e-04
764 1.253886e-04
765 1.100303e-04
766 9.594043e-05
767 8.302723e-05
768 7.123840e-05
769 6.053587e-05
770 5.090147e-05
771 4.229607e-05
772 3.472260e-05
773 2.814567e-05
774 2.245182e-05
775 1.761129e-05
776 1.350539e-05
777 1.000172e-05
778 7.342679e-06
779 5.672678e-06
780 5.646350e-04
781 4.746195e-04
782 3.971335e-04
783 3.329664e-04
784 2.812040e-04
785 2.400726e-04
786 2.072709e-04
787 1.806393e-04
788 1.582837e-04
789 1.386843e-04
790 1.208359e-04
791 1.040610e-04
792 8.812702e-05
793 7.310927e-05
794 5.908341e-05
795 4.638724e-05
796 3.514651e-05
797 2.526506e-05
798 1.815570e-05
799 1.382680e-05
800 4.666081e-01
801 3.759557e-01
802 2.997316e-01
803 2.381441e-01
804 1.901605e-01
805 1.537290e-01
806 1.262628e-01
807 1.051731e-01
808 8.834247e-02
809 7.426629e-02
810 6.200814e-02
811 5.106813e-02
812 4.123838e-02
813 3.247844e-02
814 2.482030e-02
815 1.830605e-02
816 1.295040e-02
817 8.721917e-03
818 5.538730e-03
819 3.279056e-03
820 3.270217e-01
821 2.621679e-01
822 2.117360e-01
823 1.733427e-01
824 1.440956e-01
825 1.212631e-01
826 1.027050e-01
827 8.691453e-02
828 7.297268e-02
829 6.039451e-02
830 4.899542e-02
831 3.876496e-02
832 2.976659e-02
833 2.207107e-02
834 1.571290e-02
835 1.066912e-02
836 6.854391e-03
837 4.130078e-03
838 2.326753e-03
839 1.304490e-03
840 2.105456e-01
841 1.721106e-01
842 1.426123e-01
843 1.197706e-01
844 1.015550e-01
845 8.642176e-02
846 7.333023e-02
847 6.162663e-02
848 5.099190e-02
849 4.132137e-02
850 3.263359e-02
851 2.499754e-02
852 1.847991e-02
853 1.311263e-02
854 8.874193e-03
855 5.686145e-03
856 3.422534e-03
857 1.930120e-03
858 1.082793e-03
859 7.221522e-04
860 2.232934e-01
861 1.867774e-01
862 1.580705e-01
863 1.348378e-01
864 1.152838e-01
865 9.817343e-02
866 8.277741e-02
867 6.871026e-02
868 5.586378e-02
869 4.427543e-02
870 3.404631e-02
871 2.527710e-02
872 1.802202e-02
873 1.226551e-02
874 7.913683e-03
875 4.804415e-03
876 2.733401e-03
877 1.504647e-03
878 1.028376e-03
879 1.650023e-04
880 2.258722e-01
881 1.916969e-01
882 1.640399e-01
883 1.408507e-01
884 1.206414e-01
885 1.024710e-01
886 8.586354e-02
887 7.061712e-02
888 5.674686e-02
889 4.436040e-02
890 3.358626e-02
891 2.451675e-02
892 1.716926e-02
893 1.147326e-02
894 7.272605e-03
895 4.353963e-03
896 2.488245e-03
897 1.575165e-03
898 9.258067e-04
899 -2.720828e-05
