0 1.583901e-05
1 1.689815e-05
2 6.599896e-06
3 9.033454e-06
4 -6.584225e-07
5 5.460057e-07
6 2.161644e-06
7 9.727503e-07
8 1.392511e-06
9 8.821706e-07
10 -3.492909e-07
11 7.059346e-07
12 4.894495e-07
13 4.396775e-07
14 6.491461e-07
15 1.363934e-07
16 6.070402e-08
17 2.731552e-07
18 2.890468e-07
19 1.218437e-07
20 1.492273e-05
21 1.167373e-05
22 9.869826e-06
23 1.007092e-05
24 1.299166e-06
25 5.329630e-06
26 3.847727e-06
27 1.710537e-06
28 2.883820e-06
29 2.497939e-06
30 2.564820e-06
31 9.675705e-07
32 1.098289e-06
33 5.837249e-07
34 6.680113e-07
35 4.472215e-07
36 5.025536e-07
37 4.670316e-07
38 2.042548e-07
39 1.270751e-07
40 9.576331e-06
41 2.025534e-05
42 1.236103e-05
43 6.592273e-06
44 7.137849e-06
45 1.027178e-05
46 5.594680e-06
47 2.468155e-06
48 4.077448e-06
49 2.527858e-06
50 2.695311e-06
51 1.591240e-06
52 1.828682e-06
53 1.177071e-06
54 1.031559e-06
55 6.627826e-07
56 5.457804e-07
57 5.260958e-07
58 1.351255e-07
59 4.501176e-08
60 1.224485e-05
61 2.251013e-05
62 1.048735e-05
63 7.006428e-06
64 8.251139e-06
65 4.746701e-06
66 6.659095e-06
67 3.690411e-06
68 2.528298e-06
69 2.225584e-06
70 3.070613e-06
71 1.928999e-06
72 2.006524e-06
73 1.250305e-06
74 1.427497e-06
75 4.020930e-07
76 6.813505e-07
77 3.461118e-07
78 2.340882e-07
79 1.379547e-07
80 2.673591e-05
81 1.575360e-05
82 9.221330e-06
83 1.096259e-05
84 9.831796e-06
85 7.441431e-06
86 7.514091e-06
87 5.726361e-06
88 5.555530e-06
89 2.697006e-06
90 3.487047e-06
91 1.389774e-06
92 8.727711e-07
93 9.084171e-07
94 1.057802e-06
95 1.164758e-06
96 7.838985e-07
97 4.803985e-07
98 2.263369e-07
99 4.414929e-07
100 3.005530e-05
101 2.052571e-05
102 2.034658e-05
103 1.935311e-05
104 1.354385e-05
105 1.073526e-05
106 7.869099e-06
107 6.446212e-06
108 5.972188e-06
109 4.366391e-06
110 4.469876e-06
111 3.310804e-06
112 2.293310e-06
113 2.016320e-06
114 1.206910e-06
115 1.281561e-06
116 1.186235e-06
117 8.294925e-07
118 4.597011e-07
119 2.046255e-07
120 4.152733e-05
121 2.481334e-05
122 2.637161e-05
123 1.844924e-05
124 1.461985e-05
125 1.537917e-05
126 1.084976e-05
127 9.055042e-06
128 6.132063e-06
129 4.598101e-06
130 5.041883e-06
131 4.174092e-06
132 3.050643e-06
133 2.524650e-06
134 2.181882e-06
135 1.597276e-06
136 1.120833e-06
137 1.026843e-06
138 3.583650e-07
139 4.598964e-07
140 4.846605e-05
141 4.340647e-05
142 3.416539e-05
143 2.924273e-05
144 2.481958e-05
145 2.201634e-05
146 1.721576e-05
147 1.433492e-05
148 1.106653e-05
149 1.087901e-05
150 7.913379e-06
151 5.407624e-06
152 5.257432e-06
153 3.507241e-06
154 1.981365e-06
155 1.962830e-06
156 1.485660e-06
157 8.233618e-07
158 3.934091e-07
159 3.653924e-07
160 5.381555e-05
161 5.131375e-05
162 4.318298e-05
163 3.428864e-05
164 2.595456e-05
165 2.296592e-05
166 2.204933e-05
167 1.857677e-05
168 1.214792e-05
169 1.170705e-05
170 8.264914e-06
171 6.217568e-06
172 5.794233e-06
173 4.714749e-06
174 3.535889e-06
175 2.411708e-06
176 1.464300e-06
177 1.069673e-06
178 7.922439e-07
179 4.731825e-07
180 7.842569e-05
181 7.817324e-05
182 3.632301e-05
183 3.495779e-05
184 3.112694e-05
185 2.802009e-05
186 1.861849e-05
187 1.988593e-05
188 1.847282e-05
189 1.380482e-05
190 9.880448e-06
191 8.381427e-06
192 6.147520e-06
193 5.128178e-06
194 3.663255e-06
195 3.456781e-06
196 2.127837e-06
197 1.163324e-06
198 6.002596e-07
199 4.308669e-07
200 9.802977e-06
201 7.340268e-06
202 3.196808e-06
203 4.857161e-06
204 2.880370e-06
205 7.930766e-07
206 2.658046e-06
207 -3.617110e-07
208 1.448902e-06
209 2.365612e-07
210 1.320519e-06
211 1.592129e-06
212 1.847895e-07
213 4.864089e-07
214 1.074559e-07
215 2.855382e-07
216 1.025240e-07
217 7.313662e-08
218 1.133673e-07
219 1.222866e-07
220 3.469361e-06
221 4.050811e-06
222 1.718977e-06
223 1.890074e-06
224 1.960461e-06
225 1.399613e-06
226 4.005632e-06
227 3.045370e-06
228 2.014332e-06
229 4.227251e-07
230 1.840694e-06
231 6.635985e-07
232 9.220070e-07
233 9.541040e-07
234 5.183919e-07
235 2.718991e-07
236 4.785937e-07
237 3.896071e-07
238 2.668628e-07
239 2.337380e-07
240 -2.376240e-06
241 1.385639e-06
242 6.273929e-06
243 9.844547e-06
244 2.495430e-06
245 1.106394e-07
246 3.772250e-06
247 1.987614e-06
248 1.598618e-06
249 1.864689e-06
250 4.279108e-07
251 7.699337e-07
252 8.758013e-07
253 4.777128e-07
254 7.462538e-07
255 2.360465e-07
256 7.604761e-07
257 5.482007e-07
258 1.817345e-07
259 2.829442e-07
260 -3.835568e-06
261 1.152258e-05
262 9.354266e-06
263 -4.055877e-07
264 9.160732e-07
265 1.444173e-06
266 1.244380e-06
267 2.474435e-06
268 1.078542e-06
269 3.149674e-06
270 1.957953e-06
271 1.464081e-06
272 9.893112e-07
273 8.478530e-07
274 5.678660e-07
275 5.801117e-07
276 3.650023e-07
277 4.386051e-07
278 3.587549e-07
279 3.126460e-07
280 6.489186e-06
281 6.706941e-06
282 4.096084e-06
283 -3.700805e-06
284 2.508848e-06
285 3.333777e-06
286 4.899729e-06
287 4.769244e-06
288 3.448070e-06
289 3.585933e-06
290 2.076860e-06
291 1.573401e-06
292 1.585179e-06
293 1.340396e-06
294 1.345704e-06
295 8.196270e-07
296 4.609419e-07
297 4.174272e-07
298 5.436385e-07
299 3.507782e-07
300 9.422167e-06
301 7.645644e-06
302 9.057750e-06
303 2.290258e-06
304 8.844336e-06
305 5.903090e-06
306 5.415951e-06
307 4.181938e-06
308 3.759993e-06
309 4.348394e-06
310 2.194164e-06
311 2.810067e-06
312 2.014721e-06
313 2.084556e-06
314 1.421397e-06
315 1.398248e-06
316 7.077877e-07
317 5.652461e-07
318 4.729098e-07
319 4.556186e-07
320 1.193718e-05
321 2.076804e-06
322 7.612851e-06
323 8.419369e-06
324 8.051293e-06
325 6.182110e-06
326 6.695468e-06
327 5.517405e-06
328 6.953411e-06
329 2.965620e-06
330 3.535150e-06
331 2.973850e-06
332 1.869702e-06
333 1.859150e-06
334 1.642640e-06
335 1.435491e-06
336 5.024922e-07
337 8.900547e-07
338 7.790721e-07
339 5.368946e-07
340 6.760267e-06
341 1.307530e-05
342 1.038384e-05
343 5.431940e-06
344 9.128893e-06
345 1.140943e-05
346 4.651411e-06
347 6.190856e-06
348 6.535632e-06
349 6.282466e-06
350 3.553970e-06
351 3.855537e-06
352 2.599710e-06
353 2.767871e-06
354 1.958418e-06
355 1.453690e-06
356 1.542743e-06
357 1.196650e-06
358 1.117299e-06
359 9.005206e-07
360 1.469379e-05
361 1.496603e-05
362 1.441610e-05
363 1.177565e-05
364 1.617881e-05
365 1.030259e-05
366 1.062717e-05
367 6.975789e-06
368 4.997966e-06
369 4.287663e-06
370 3.896111e-06
371 4.478414e-06
372 3.449966e-06
373 3.007949e-06
374 2.352328e-06
375 2.317153e-06
376 1.637532e-06
377 1.437278e-06
378 1.427737e-06
379 1.114874e-06
380 2.124548e-05
381 1.713324e-05
382 3.197435e-05
383 2.264425e-05
384 1.251894e-05
385 1.602405e-05
386 8.484047e-06
387 1.340000e-05
388 1.208257e-05
389 7.561624e-06
390 5.995053e-06
391 5.058423e-06
392 6.103128e-06
393 3.541691e-06
394 3.094626e-06
395 2.400516e-06
396 1.888198e-06
397 2.175185e-06
398 2.096640e-06
399 1.342258e-06
400 8.555706e-04
401 8.290230e-04
402 6.348998e-04
403 5.138629e-04
404 3.943646e-04
405 3.351213e-04
406 1.901658e-04
407 2.064334e-04
408 1.470887e-04
409 1.031439e-04
410 8.997343e-05
411 4.091798e-05
412 5.141425e-05
413 3.803840e-05
414 4.389400e-05
415 3.466325e-05
416 2.615587e-05
417 2.432603e-05
418 2.441781e-05
419 1.963984e-05
420 1.791020e-03
421 1.847029e-03
422 1.307004e-03
423 1.121769e-03
424 8.070061e-04
425 6.790285e-04
426 5.274601e-04
427 3.425459e-04
428 2.922700e-04
429 2.371289e-04
430 2.100934e-04
431 1.499433e-04
432 1.193546e-04
433 1.094160e-04
434 9.037703e-05
435 6.752724e-05
436 5.228671e-05
437 4.353976e-05
438 4.449458e-05
439 3.506913e-05
440 2.602600e-03
441 2.266940e-03
442 2.030534e-03
443 1.630602e-03
444 1.262992e-03
445 9.548326e-04
446 7.658896e-04
447 6.218714e-04
448 4.961082e-04
449 3.933310e-04
450 3.035694e-04
451 2.479340e-04
452 2.100157e-04
453 1.772384e-04
454 1.489386e-04
455 1.308680e-04
456 1.094093e-04
457 9.957055e-05
458 7.302936e-05
459 6.243825e-05
460 2.774259e-03
461 2.298312e-03
462 2.346630e-03
463 1.835671e-03
464 1.295200e-03
465 1.124259e-03
466 8.386895e-04
467 6.863244e-04
468 5.297646e-04
469 3.848596e-04
470 2.984286e-04
471 2.987001e-04
472 2.292215e-04
473 1.941810e-04
474 1.600932e-04
475 1.384679e-04
476 1.108270e-04
477 9.699861e-05
478 7.469781e-05
479 6.921352e-05
480 3.304892e-04
481 1.395360e-04
482 1.488470e-04
483 5.905787e-05
484 7.983772e-05
485 5.116368e-05
486 7.005691e-05
487 6.476055e-05
488 6.144762e-05
489 2.576664e-05
490 1.967234e-05
491 6.756059e-06
492 1.236222e-05
493 -5.495112e-06
494 8.247236e-06
495 8.091610e-06
496 6.670383e-06
497 1.412188e-06
498 1.219311e-06
499 5.665364e-06
500 6.958252e-04
501 7.118671e-04
502 4.025675e-04
503 3.114955e-04
504 2.655368e-04
505 1.976783e-04
506 1.365477e-04
507 1.253906e-04
508 1.104702e-04
509 5.687305e-05
510 3.877510e-05
511 4.894709e-05
512 2.462090e-05
513 2.584425e-05
514 1.826598e-05
515 1.180083e-05
516 1.605249e-05
517 1.391116e-05
518 1.362190e-05
519 1.646418e-05
520 1.666112e-03
521 1.311545e-03
522 1.151533e-03
523 9.704826e-04
524 6.880582e-04
525 4.291740e-04
526 3.392982e-04
527 3.088472e-04
528 2.667251e-04
529 2.081268e-04
530 1.841776e-04
531 1.454942e-04
532 1.300294e-04
533 1.157451e-04
534 9.462601e-05
535 7.196666e-05
536 6.373320e-05
537 5.965144e-05
538 4.273962e-05
539 2.876944e-05
540 2.019053e-03
541 2.018880e-03
542 1.471370e-03
543 1.131880e-03
544 7.866289e-04
545 6.387551e-04
546 4.710209e-04
547 4.221732e-04
548 3.645481e-04
549 2.936714e-04
550 2.501826e-04
551 1.825683e-04
552 1.725941e-04
553 1.362369e-04
554 1.133462e-04
555 1.011607e-04
556 8.888971e-05
557 7.302142e-05
558 6.091712e-05
559 5.019421e-05
560 3.550622e-05
561 9.463370e-05
562 8.195298e-05
563 7.259769e-05
564 -1.011363e-05
565 1.573852e-06
566 8.992916e-06
567 -2.554992e-06
568 -5.164845e-07
569 7.561995e-06
570 -1.123420e-05
571 -1.038842e-05
572 1.584144e-05
573 6.666097e-06
574 4.119228e-06
575 8.593560e-06
576 9.331341e-06
577 5.340979e-06
578 1.935593e-06
579 -2.438491e-08
580 2.029932e-04
581 1.535306e-04
582 9.128727e-05
583 6.234164e-05
584 1.439249e-04
585 3.517700e-05
586 2.706560e-05
587 5.195716e-05
588 4.492549e-06
589 1.441907e-05
590 1.271160e-05
591 2.442708e-05
592 5.191759e-06
593 5.852659e-06
594 1.275573e-05
595 1.236168e-05
596 1.456037e-05
597 -9.711649e-07
598 4.417480e-06
599 -3.620678e-07
600 7.515833e-04
601 6.727519e-04
602 4.429044e-04
603 3.482234e-04
604 2.984961e-04
605 1.844512e-04
606 1.649276e-04
607 1.296081e-04
608 9.816958e-05
609 1.090277e-04
610 8.215991e-05
611 6.785481e-05
612 6.162871e-05
613 3.947250e-05
614 3.922714e-05
615 3.765787e-05
616 1.800714e-05
617 1.434159e-05
618 8.749860e-06
619 8.796287e-06
620 1.396739e-03
621 1.196017e-03
622 7.805369e-04
623 6.149504e-04
624 4.989802e-04
625 4.288641e-04
626 3.459326e-04
627 2.915136e-04
628 2.202155e-04
629 1.879046e-04
630 1.753731e-04
631 1.462134e-04
632 1.117302e-04
633 1.029136e-04
634 8.507085e-05
635 7.630799e-05
636 5.950915e-05
637 4.367591e-05
638 3.038969e-05
639 2.113449e-05
640 3.463791e-05
641 5.043665e-05
642 -1.903592e-05
643 -1.041538e-04
644 -4.923606e-05
645 -1.637106e-05
646 -9.306888e-06
647 -1.469212e-05
648 -2.045412e-05
649 -2.303752e-05
650 4.458902e-06
651 -8.260865e-06
652 -1.377537e-05
653 -6.757471e-06
654 -8.097730e-06
655 -6.403261e-06
656 -8.766860e-06
657 5.596628e-06
658 -3.430561e-06
659 3.897774e-06
660 1.095787e-04
661 -1.007418e-04
662 1.174004e-05
663 3.826281e-05
664 4.117925e-05
665 9.673430e-06
666 -1.642154e-05
667 2.892283e-05
668 3.372010e-05
669 3.238871e-05
670 2.193360e-05
671 1.198139e-05
672 3.453525e-06
673 -2.613182e-06
674 6.507105e-07
675 6.064316e-06
676 7.832246e-06
677 8.178491e-06
678 1.181794e-05
679 8.392741e-06
680 3.131524e-04
681 1.527906e-04
682 2.348878e-04
683 1.871578e-04
684 6.895665e-05
685 4.727413e-05
686 4.461133e-05
687 4.598695e-05
688 3.659104e-05
689 3.775743e-05
690 2.579621e-05
691 2.331579e-05
692 2.298263e-05
693 2.119187e-05
694 1.700662e-05
695 1.509909e-05
696 3.573325e-06
697 4.738335e-06
698 8.684197e-06
699 5.648806e-06
700 1.164175e-03
701 7.086817e-04
702 7.429310e-04
703 3.999127e-04
704 3.638205e-04
705 2.484997e-04
706 2.301222e-04
707 2.421477e-04
708 1.385940e-04
709 1.236646e-04
710 1.169993e-04
711 1.312456e-04
712 9.540104e-05
713 8.918458e-05
714 7.145053e-05
715 5.101942e-05
716 2.897299e-05
717 2.133636e-05
718 1.768026e-05
719 1.092212e-05
720 -3.559286e-05
721 1.298014e-04
722 -3.044895e-06
723 -2.844123e-05
724 7.276162e-05
725 -1.816612e-05
726 -3.753043e-05
727 1.729144e-05
728 6.342499e-06
729 -1.181688e-05
730 4.616371e-06
731 2.384903e-05
732 1.758032e-05
733 1.405193e-06
734 -1.184985e-05
735 -3.541386e-06
736 -7.630943e-06
737 -5.913918e-06
738 -1.594774e-06
739 -8.962127e-07
740 -2.605564e-05
741 1.529293e-04
742 -6.361088e-05
743 1.048349e-04
744 -4.860757e-06
745 -4.533215e-05
746 -2.911905e-05
747 4.072026e-05
748 2.421628e-06
749 7.241092e-06
750 1.919813e-05
751 1.040290e-05
752 -1.184526e-06
753 -1.644438e-06
754 -2.416058e-06
755 -3.600547e-06
756 -8.804921e-07
757 -7.283228e-07
758 2.732245e-06
759 -1.390272e-06
760 -4.744308e-05
761 -5.821320e-05
762 6.547248e-05
763 1.761338e-05
764 -4.449951e-06
765 -2.951038e-05
766 -5.702733e-05
767 4.730429e-06
768 -6.759847e-06
769 1.575689e-05
770 2.573354e-06
771 2.700354e-05
772 2.321066e-05
773 2.314429e-06
774 7.906894e-06
775 6.583506e-06
776 -7.150819e-06
777 -4.136331e-06
778 -1.625383e-06
779 -8.087516e-07
780 6.734629e-04
781 2.632535e-04
782 3.879526e-04
783 2.394149e-04
784 1.765414e-04
785 1.361520e-04
786 9.420072e-05
787 1.000522e-04
788 2.120270e-05
789 4.522489e-05
790 5.564437e-05
791 4.058077e-05
792 4.827397e-05
793 4.847712e-05
794 2.377066e-05
795 2.006094e-05
796 7.875416e-06
797 7.585294e-06
798 -5.117611e-07
799 5.492171e-06
800 4.391755e-01
801 3.334766e-01
802 2.653901e-01
803 1.979580e-01
804 1.661605e-01
805 1.317197e-01
806 1.121745e-01
807 9.410798e-02
808 8.149319e-02
809 6.736297e-02
810 5.650310e-02
811 4.703731e-02
812 3.679144e-02
813 2.999987e-02
814 2.369420e-02
815 1.705299e-02
816 1.319077e-02
817 9.569713e-03
818 6.157690e-03
819 3.762109e-03
820 2.990829e-01
821 2.405927e-01
822 1.930628e-01
823 1.596188e-01
824 1.329052e-01
825 1.128905e-01
826 9.600228e-02
827 7.991986e-02
828 6.714894e-02
829 5.557560e-02
830 4.411033e-02
831 3.551534e-02
832 2.749195e-02
833 1.985667e-02
834 1.534961e-02
835 1.140675e-02
836 7.976907e-03
837 4.916032e-03
838 2.774824e-03
839 5.347093e-04
840 2.080987e-01
841 1.735068e-01
842 1.420572e-01
843 1.187343e-01
844 1.017506e-01
845 8.373339e-02
846 7.129063e-02
847 5.882245e-02
848 4.976391e-02
849 4.001766e-02
850 3.127249e-02
851 2.416867e-02
852 1.753573e-02
853 1.281534e-02
854 8.453198e-03
855 5.303516e-03
856 3.250152e-03
857 1.751514e-03
858 7.428665e-04
859 5.210035e-04
860 2.276655e-01
861 1.877084e-01
862 1.662184e-01
863 1.338258e-01
864 1.115896e-01
865 9.659257e-02
866 7.694823e-02
867 6.470475e-02
868 4.964624e-02
869 3.866603e-02
870 2.885250e-02
871 2.097108e-02
872 1.438941e-02
873 9.575246e-03
874 5.890084e-03
875 3.921964e-03
876 2.042665e-03
877 9.367923e-04
878 6.842132e-04
879 7.294457e-05
880 2.160189e-01
881 1.850898e-01
882 1.538925e-01
883 1.327685e-01
884 1.080388e-01
885 9.047284e-02
886 7.337153e-02
887 6.200234e-02
888 4.868049e-02
889 3.816327e-02
890 2.870725e-02
891 2.080518e-02
892 1.626411e-02
893 1.045083e-02
894 6.729574e-03
895 4.184862e-03
896 3.153128e-03
897 1.985878e-03
898 9.971304e-04
899 1.314418e-04
